1,0,2030
1,1,2355
1,1,2610
1,1,2862
1,1,3117
1,1,3369
1,1,3621
1,1,3874
1,1,4130
1,1,4386
1,1,4642
1,1,4893
1,1,5150
1,1,5406
1,1,5662
1,1,5914
1,0,6169
1,0,6426
1,0,6682
1,0,6934
1,0,7186
1,0,7437
1,0,7693
1,0,7950
1,0,8206
1,0,8458
1,0,8714
1,0,8970
1,0,9225
1,0,9481
1,0,9738
1,0,9990
1,0,10241
1,0,10498
1,0,10753
1,0,11006
1,0,11261
1,0,11518
1,0,11774
1,0,12029
0,0,14053
0,0,14305
0,0,14556
0,0,14809
0,0,15065
0,0,15317
0,0,15568
0,0,15821
0,0,16072
0,0,16324
0,0,16576
0,0,16832
0,0,17089
0,0,17345
0,0,17600
0,0,17852
0,0,18108
0,3,18360
0,3,18612
0,3,18865
0,3,19116
0,3,19368
0,3,19620
0,3,19872
0,0,20128
0,0,20385
0,0,20637
2,2,22888
2,2,23145
2,2,23401
2,2,23653
2,2,23905
2,2,24161
2,2,24416
2,2,24672
2,2,24925
2,2,25176
2,2,25432
2,2,25685
2,2,25936
2,2,26188
2,2,26445
2,2,26701
2,2,26957
2,2,27213
0,2,29415
0,2,29672
0,2,29924
0,2,30180
0,2,30431
0,2,30687
0,2,30940
0,2,31191
0,2,31448
0,2,31700
0,2,31952
0,2,32208
0,2,32459
0,2,32711
0,2,32967
0,2,33220
0,2,33471
0,2,33723
0,2,33975
0,2,34227
0,2,34479
0,2,34731
0,2,34988
0,2,35240
0,2,35491
0,2,35744
0,2,35996
0,2,36247
0,2,36499
0,2,36751
0,2,37007
1,1,2030
1,1,2286
1,1,2542
1,1,2798
1,1,3050
1,1,3303
1,1,3553
1,1,3815
1,1,4067
1,1,4317
1,1,4570
1,1,4823
1,1,5078
1,1,5334
1,1,5590
1,1,5846
1,1,6102
1,1,6358
1,1,6610
1,1,6861
1,1,7114
1,1,7370
1,1,7626
1,1,7883
0,0,10050
0,0,10301
0,0,10557
0,0,10808
0,0,11061
0,0,11313
0,0,11565
0,0,11822
0,0,12077
0,0,12328
0,0,12581
0,0,12832
0,0,13089
0,0,13345
0,0,13597
0,0,13848
0,0,14105
0,0,14356
0,0,14613
0,0,14865
2,2,17069
2,2,17325
2,2,17577
2,2,17829
2,2,18086
2,2,18337
2,2,18589
2,2,18845
2,2,19097
2,2,19349
2,2,19601
2,2,19852
2,2,20109
2,2,20361
2,2,20616
2,2,20869
2,2,21121
2,2,21372
1,0,2033
1,0,2284
1,0,2536
1,0,2789
1,0,3044
1,0,3300
1,0,3553
1,0,3809
1,0,4064
1,0,2024
1,0,2279
1,0,2536
1,0,2792
1,0,3047
1,0,3300
1,0,3556
1,0,3812
1,0,4063
1,0,4320
1,0,4576
1,0,4831
1,0,5088
1,0,5344
1,0,5596
1,0,5848
1,0,6103
1,0,6355
1,0,6608
1,0,6863
1,0,7119
1,0,7371
1,0,2058
1,0,2313
1,0,2569
1,0,2825
1,0,3077
1,0,3330
1,0,3585
1,0,3841
1,0,2027
1,1,2284
1,1,2535
1,1,2791
1,1,3047
1,1,3303
1,1,3559
1,1,3814
1,1,4071
1,1,4327
1,1,4579
1,1,4835
1,1,5091
1,1,5354
1,1,5611
1,1,5867
1,1,6122
1,1,6379
1,1,6635
1,1,6891
1,1,7147
1,1,7403
1,1,7654
1,1,7906
1,1,8163
0,1,10225
0,1,10482
0,1,10734
0,1,10985
0,1,11238
0,1,11489
0,1,11741
0,1,11993
0,1,12245
0,1,12498
1,0,2062
1,0,2314
1,0,2575
1,0,2833
1,0,3089
1,0,3345
1,0,3601
1,0,3857
1,1,4109
1,1,4364
1,1,4621
1,1,4873
1,1,5129
1,1,5380
1,1,5637
1,1,5893
1,1,6149
1,1,6404
1,1,6661
1,1,6916
1,1,7173
1,1,7429
1,1,7685
1,1,7936
1,1,8193
1,1,8449
1,1,8705
1,1,8961
1,1,9213
1,1,9469
1,1,9725
0,0,11989
0,0,12239
0,0,12496
0,0,12752
0,0,13008
0,0,13259
0,0,13511
0,0,13763
0,0,14015
0,0,14272
0,0,14523
0,0,14780
0,0,15035
0,0,15292
0,0,15543
0,0,15800
0,0,16051
0,0,16304
0,0,16555
0,0,16812
1,1,2062
1,1,2313
1,1,2570
1,1,2826
1,1,3081
1,1,3334
1,1,3589
1,1,3842
1,1,4098
1,1,4350
1,1,4605
1,1,4858
1,1,5114
1,1,5366
1,1,5621
1,1,5877
1,1,6134
1,1,6386
1,1,6642
1,1,6898
1,1,7150
1,1,7401
1,1,7658
1,1,7914
0,0,10081
0,0,10332
0,0,10584
0,0,10836
0,0,11088
0,0,11344
0,0,11601
0,0,11852
0,0,12104
0,0,12360
0,0,12616
0,0,12868
0,0,13120
0,0,13377
0,0,13628
0,0,13880
0,0,14137
0,0,14388
0,0,14644
0,0,14895
2,0,17104
2,0,17361
2,0,17612
2,0,17869
2,0,18125
2,0,18381
2,0,18632
2,0,18885
2,0,19136
2,0,19388
2,0,19640
2,0,19892
1,1,2029
1,1,2281
1,1,2533
1,1,2789
1,1,3045
1,1,3301
1,1,3557
1,1,3813
1,1,4069
1,1,4326
1,1,4581
1,1,4836
1,1,5089
1,1,5345
1,1,5596
1,1,5849
1,1,6106
1,1,6361
1,1,6613
1,1,6869
1,1,7120
1,1,7373
1,1,7629
1,1,7886
0,0,10052
0,0,10304
0,0,10560
0,0,10811
0,0,11063
0,0,11316
0,0,11568
0,0,11819
0,0,12071
0,0,12328
0,0,12585
0,0,12835
0,0,13087
0,0,13345
0,0,13596
0,0,13852
0,0,14103
0,0,14360
0,0,14611
0,0,14868
2,2,17080
2,2,17332
2,2,17588
2,2,17839
2,2,18096
2,2,18363
2,2,18616
2,2,18872
2,2,19128
2,2,19379
2,2,19631
2,2,19883
2,2,20135
2,2,20388
2,2,20644
2,2,20900
2,2,21151
2,2,21403
0,0,23603
0,0,23860
0,0,24115
0,0,24372
0,0,24628
0,0,24879
0,0,25131
0,0,25383
0,0,25640
0,0,25891
0,0,26147
0,0,26399
0,0,26651
0,0,26903
0,0,27160
0,0,27415
0,0,27666
0,0,27924
0,0,28175
0,0,28427
1,0,30628
1,0,30885
1,0,31141
1,0,31396
1,0,31652
1,0,31908
1,0,32163
1,0,32416
1,0,32671
1,0,32928
1,0,33180
1,0,33436
1,0,33692
1,0,33948
1,0,34205
1,0,34460
1,0,34716
1,0,34972
1,0,35237
1,0,35492
1,1,2028
1,1,2280
1,1,2536
1,1,2792
1,1,3047
1,1,3299
1,1,3563
1,1,3820
1,1,4071
1,1,4327
1,1,4580
1,1,4834
1,1,5091
1,1,5347
1,1,5600
1,1,5851
1,1,6104
1,1,6359
1,1,6616
1,1,6866
1,1,7124
1,1,7379
1,1,7631
1,1,7887
0,0,10047
0,0,10298
0,0,10550
0,0,10802
0,0,11054
0,0,11310
0,0,11566
0,0,11818
0,0,12069
0,0,12321
0,0,12578
0,0,12834
0,0,13085
0,0,13349
0,0,13602
0,0,13853
0,0,14105
0,0,14363
0,0,14613
0,0,14870
2,2,17082
2,2,17333
2,2,17591
2,2,17841
2,2,18093
2,2,18346
2,2,18603
2,2,18854
2,2,19106
2,2,19359
2,2,19610
2,2,19866
2,2,20118
2,2,20369
2,2,20625
2,2,20879
2,2,21131
2,2,21383
0,0,23609
0,0,23865
0,0,24117
0,0,24369
0,0,24626
0,0,24877
0,0,25134
0,0,25386
0,0,25638
0,0,25889
0,0,26141
0,0,26393
0,0,26650
0,0,26901
0,0,27158
0,0,27414
0,0,27665
0,0,27918
0,0,28169
0,0,28422
1,0,30638
1,0,30890
1,0,31146
1,0,31403
1,0,31654
1,0,31906
1,0,32162
1,0,32415
1,0,32670
1,0,32926
1,0,33183
1,0,33438
1,0,33694
1,0,33950
1,0,34205
1,0,34463
1,0,34718
1,0,34974
1,0,35230
1,0,35485
1,0,35743
1,0,35998
1,0,36254
1,0,36506
1,0,36763
1,1,2033
1,1,2284
1,1,2536
1,1,2789
1,1,3041
1,1,3296
1,1,3548
1,1,3805
1,1,4056
1,1,4309
1,1,4565
1,1,4821
1,1,5073
1,1,5328
1,1,5580
1,1,5837
1,1,6088
1,1,6345
1,1,6601
1,1,6857
1,1,7113
1,1,7369
1,1,7621
1,1,7876
0,1,10051
0,1,10303
0,1,10555
0,1,10810
0,1,11063
0,1,11314
0,1,11567
0,1,11820
0,1,12071
0,1,12328
0,1,12580
0,0,12832
0,0,13084
0,0,13335
0,0,13591
0,0,13843
0,0,14095
0,0,14347
0,0,14600
0,0,14855
0,0,15107
0,0,15359
0,0,15616
0,0,15872
0,0,16123
0,0,16380
0,0,16631
0,0,16888
0,0,17139
0,0,17391
2,0,19647
2,0,19900
2,0,20151
2,0,20403
2,0,20660
2,0,20916
2,0,21167
2,0,21419
2,0,21675
2,0,21932
2,2,22183
2,2,22436
2,2,22687
2,2,22944
2,2,23195
2,2,23451
2,2,23704
2,2,23955
2,2,24211
2,2,24468
2,2,24724
2,2,24975
2,2,25227
2,2,25479
2,2,25731
2,2,25984
2,2,26236
2,2,26487
0,0,28584
0,0,28839
0,0,29095
0,0,29347
0,0,29600
0,0,29855
0,0,30106
0,0,30363
0,0,30614
0,0,30871
0,0,31122
0,0,31380
0,0,31635
0,0,31886
0,0,32143
0,0,32394
0,0,32647
0,0,32898
0,0,33150
0,0,33402
1,0,35604
1,0,35860
1,0,36116
1,0,36372
1,0,36627
1,0,36883
1,0,37139
1,0,37392
1,0,37647
1,0,37904
1,0,38156
1,0,38411
1,0,38667
1,0,38920
1,0,39176
1,0,39432
1,0,39683
1,0,39940
1,0,40196
1,0,40448
1,0,40703
1,0,40960
1,0,41211
1,0,41467
1,0,41723
1,0,41979
1,0,42235
1,0,42491
1,0,42744
1,0,43000
1,0,43256
1,0,43507
1,0,43764
1,0,44019
1,0,44271
1,0,44528
1,0,44784
1,0,45035
1,0,45291
1,0,45547
0,0,47626
0,0,47878
0,0,48131
0,0,48386
0,0,48642
0,0,48895
0,0,49146
0,0,49399
0,0,49650
0,0,49906
0,0,50158
0,0,50410
0,0,50666
0,0,50918
0,0,51175
0,0,51426
0,0,51679
0,0,51930
0,0,52186
0,0,52438
1,0,54679
1,0,54935
1,0,55191
1,0,55447
1,0,55699
1,0,55955
1,0,56210
1,1,2075
1,1,2327
1,1,2582
1,1,2839
1,1,3091
1,1,3346
1,1,3602
1,1,3859
1,1,4114
1,1,4367
1,1,4623
1,1,4879
1,1,5134
1,1,5391
1,1,5642
1,1,5899
1,1,6155
1,1,6410
1,1,6667
1,1,6918
1,1,7175
1,1,7431
1,1,7687
1,1,7943
0,0,10099
0,0,10354
0,0,10605
0,0,10862
0,0,11113
0,0,11370
0,0,11626
0,0,11877
0,0,12133
0,0,12390
0,0,12646
0,0,12897
0,0,13150
0,0,13405
0,0,13662
0,0,13917
0,0,14168
0,0,14426
0,0,14677
0,0,14933
2,2,17121
2,2,17378
2,2,17630
2,2,17886
2,2,18137
2,2,18394
2,2,18650
2,2,18906
2,2,19162
2,2,19414
2,2,19669
2,2,19926
2,2,20181
2,2,20437
2,2,20694
2,2,20946
2,2,21198
2,2,21450
0,0,23640
0,0,23893
0,0,24145
0,0,24397
0,0,24653
0,0,24905
0,0,25156
0,0,25408
0,0,25660
0,0,25917
0,0,26173
0,0,26424
0,0,26676
0,0,26929
0,0,27180
0,0,27437
0,0,27688
0,0,27940
0,0,28197
0,0,28449
1,0,30670
1,0,30925
1,0,31177
1,0,31434
1,0,31690
1,0,31941
1,0,32197
1,0,32454
1,0,32706
1,0,32957
1,0,33214
1,0,33465
1,0,33717
1,0,33973
1,0,34230
1,0,34485
1,0,34742
1,0,34997
1,0,35254
1,0,35510
1,0,35771
1,0,36026
1,0,36281
1,0,36537
1,0,36790
1,0,37045
1,0,37302
1,0,37554
1,0,37809
1,0,38065
1,0,38333
1,0,38589
1,0,38845
1,0,39101
1,0,39357
1,0,39609
1,0,39866
1,0,40117
1,0,40369
1,0,40619
0,0,42692
0,0,42943
0,0,43196
0,0,43449
0,0,43700
0,0,43952
0,0,44203
0,0,44456
0,0,44712
0,0,44963
0,0,45216
0,0,45472
0,0,45723
0,0,45980
0,0,46231
0,0,46488
0,0,46739
0,0,46991
0,0,47243
0,0,47499
1,0,49721
1,0,49976
1,0,50229
1,0,50484
1,0,50741
1,0,50997
1,0,51248
1,0,51504
1,0,51760
1,0,52017
1,0,52269
1,0,52521
1,0,52776
1,0,53033
1,0,53284
1,0,53540
1,0,53796
1,0,54049
1,0,54304
1,0,54561
1,0,54816
1,0,55073
1,0,55328
1,0,55585
1,1,2074
1,1,2325
1,1,2581
1,1,2837
1,1,3093
1,1,3346
1,1,3602
1,1,3857
1,1,4113
1,1,4370
1,1,4626
1,1,4881
1,1,5137
1,1,5393
1,1,5650
1,1,5901
1,1,6157
1,1,6410
1,1,6666
1,1,6922
1,1,7177
1,1,7433
1,1,7685
1,1,7941
0,0,10093
0,0,10344
0,0,10595
0,0,10848
0,0,11099
0,0,11352
0,0,11608
0,0,11865
0,0,12116
0,0,12367
0,0,12620
0,0,12871
0,0,13124
0,0,13376
0,0,13627
0,0,13880
0,0,14131
0,0,14383
0,0,14635
0,0,14892
2,2,17116
2,2,17368
2,2,17625
2,2,17880
2,2,18136
2,2,18388
2,2,18640
2,2,18896
2,2,19152
2,2,19403
2,2,19656
2,2,19908
2,2,20164
2,2,20416
2,2,20673
2,2,20928
2,2,21180
2,2,21431
0,0,23631
0,0,23884
0,0,24140
0,0,24396
0,0,24647
0,0,24900
0,0,25152
0,0,25403
0,0,25656
0,0,25912
0,0,26163
0,0,26415
0,0,26667
0,0,26923
0,0,27180
0,0,27436
0,0,27687
0,0,27939
0,0,28191
0,0,28448
1,1,30655
1,1,30913
1,1,31168
1,1,31420
1,1,31677
1,1,31932
1,1,32185
1,1,32440
1,1,32696
1,1,32949
1,1,33205
1,1,33460
1,1,33712
1,1,33969
1,1,34225
1,1,34479
1,1,34736
1,1,34992
1,1,35244
1,1,35500
1,1,35752
1,1,36004
1,1,36256
1,1,36512
0,0,38678
0,0,38935
0,0,39191
0,0,39442
0,0,39699
0,0,39955
0,0,40207
0,0,40459
0,0,40715
0,0,40971
0,0,41222
0,0,41479
0,0,41735
0,0,41987
0,0,42243
0,0,42494
0,0,42746
0,0,42998
0,0,43251
0,0,43507
1,3,45719
1,3,45975
1,3,46232
1,3,46487
1,3,46739
1,3,46992
1,3,47248
1,3,47500
1,3,47755
1,3,48012
1,3,48268
1,3,48523
1,3,48776
1,3,49031
1,3,49283
1,3,49539
1,3,49795
1,3,50052
1,3,50303
1,3,50560
1,3,50815
1,3,51068
1,3,51324
1,3,51580
1,3,51835
1,3,52088
1,0,2026
1,0,2277
1,1,2534
1,1,2790
1,1,3046
1,1,3301
1,1,3558
1,1,3813
1,1,4070
1,1,4325
1,1,4582
1,1,4837
1,1,5090
1,1,5346
1,1,5597
1,1,5854
1,1,6109
1,1,6365
1,1,6621
1,1,6877
1,1,7133
1,1,7390
1,1,7646
1,1,7897
1,1,8153
0,0,10418
0,0,10672
0,0,10928
0,0,11184
0,0,11436
0,0,11688
0,0,11941
0,0,12192
0,0,12444
0,0,12696
0,0,12952
0,0,13204
0,0,13456
0,0,13708
0,0,13964
0,0,14216
0,0,14467
0,0,14725
0,0,14981
0,0,15232
2,2,17444
2,2,17697
2,2,17948
2,2,18204
2,2,18461
2,2,18713
2,2,18968
2,2,19220
2,2,19477
2,2,19728
2,2,19984
2,2,20236
2,2,20492
2,2,20749
2,2,21005
2,2,21256
2,2,21515
2,2,21768
0,0,23967
0,0,24224
0,0,24477
0,0,24728
0,0,24984
0,0,25236
0,0,25488
0,0,25743
0,0,26000
0,0,26256
0,0,26507
0,0,26760
0,0,27016
0,0,27272
0,0,27528
0,0,27784
0,0,28040
0,0,28291
0,0,28543
0,0,28796
1,1,31000
1,1,31257
1,1,31512
1,1,31781
1,1,32037
1,1,32293
1,1,32549
1,1,32801
1,1,33056
1,1,33329
1,1,33584
1,1,33841
1,1,34097
1,1,34349
1,1,34604
1,1,34861
1,1,35117
1,1,35368
1,1,35624
1,1,35881
1,1,36132
1,1,36389
1,1,36644
1,1,36897
0,0,39023
0,0,39280
0,0,39531
0,0,39783
0,0,40035
0,0,40287
0,0,40544
0,0,40796
0,0,41052
0,0,41307
0,0,41563
0,0,41815
0,0,42067
0,0,42324
0,0,42576
0,0,42828
0,0,43083
0,0,43340
0,0,43591
0,0,43847
3,3,46048
3,3,46304
3,3,46559
3,3,46812
3,3,47063
3,3,47320
3,3,47572
3,3,47827
3,3,48080
3,3,48336
3,3,48592
3,3,48848
3,3,49101
3,3,49356
3,3,49612
3,3,49868
3,3,50123
3,3,50380
0,0,52566
0,0,52819
0,0,53071
0,0,53322
0,0,53575
0,0,53831
0,0,54087
0,0,54339
0,0,54590
0,0,54847
0,0,55098
0,0,55350
0,0,55606
0,0,55859
0,0,56111
0,0,56366
0,0,56619
0,0,56875
0,0,57127
0,0,57383
1,1,59595
1,1,59852
1,1,60107
1,1,60360
1,1,60616
1,1,60871
1,1,61127
1,1,61384
1,1,61640
1,1,61896
1,1,62152
1,1,62404
1,1,62660
1,1,62916
1,1,63172
1,1,63430
1,1,63684
1,1,63936
1,1,64191
1,1,64443
1,1,64700
1,1,64956
1,1,65211
1,1,65463
0,0,67614
0,0,67866
0,0,68119
0,0,68375
0,0,68631
0,0,68887
0,0,69139
0,0,69390
0,0,69647
0,0,69898
0,0,70150
0,0,70406
0,0,70663
0,0,70919
0,0,71171
0,0,71423
0,0,71674
0,0,71931
0,0,72183
0,0,72434
2,2,74638
2,2,74910
2,2,75163
2,2,75418
2,2,75670
2,2,75926
2,2,76182
2,2,76439
2,2,76691
2,2,76947
2,2,77202
2,2,77458
2,2,77710
2,2,77967
2,2,78223
2,2,78479
2,2,78731
2,2,78986
0,0,81182
0,0,81434
0,0,81702
0,0,81953
0,0,82205
0,0,82462
0,0,82714
0,0,82966
0,0,83218
0,0,83474
0,0,83726
0,0,83978
0,0,84229
0,0,84486
0,0,84742
0,0,84998
0,0,85254
0,0,85510
0,0,85766
0,0,86017
1,1,88207
1,1,88463
1,1,88719
1,1,88974
1,1,89230
1,1,89501
1,1,89759
1,1,90015
1,1,90270
1,1,90526
1,1,90805
1,1,91063
1,1,91319
1,1,91575
1,1,91830
1,1,92087
1,1,92366
1,1,92622
1,1,92879
1,1,93134
1,1,93386
1,1,93638
1,1,93895
1,1,94150
0,0,96214
0,0,96465
0,0,96721
0,0,96978
0,0,97233
0,0,97485
0,0,97738
0,0,97989
0,0,98246
0,0,98502
0,0,98753
0,0,99005
0,0,99257
0,0,99513
0,0,99769
0,0,100025
0,0,100277
0,0,100529
0,0,100785
0,0,101042
3,3,103234
3,3,103485
3,3,103741
3,3,103997
3,3,104250
3,3,104505
3,3,104762
3,3,105018
3,3,105274
3,3,105529
3,3,105786
3,3,106042
3,3,106298
3,3,106553
3,3,106810
3,3,107065
3,3,107317
3,3,107573
0,3,109761
0,3,110017
0,3,110269
0,3,110520
0,3,110777
0,3,111033
0,3,111284
0,3,111541
0,3,111797
0,3,112053
0,3,112304
0,3,112558
0,3,112808
0,3,113065
0,3,113321
0,3,113572
0,0,113829
0,0,114081
0,0,114333
0,0,114584
0,0,114836
0,0,115089
0,0,115345
0,0,115601
0,0,115853
0,0,116109
0,0,116360
0,0,116612
0,0,116868
0,0,117120
0,0,117372
0,0,117628
0,0,117884
0,0,118137
0,0,118393
0,0,118649
1,1,120741
1,1,120997
1,1,121253
1,1,121509
1,1,121762
1,1,122017
1,1,122273
1,1,122529
1,1,122782
1,1,123038
1,1,123294
1,1,123546
1,1,123797
1,1,124053
1,1,124309
1,1,124565
1,1,124822
1,1,125077
1,1,125333
1,1,125585
1,1,125842
1,1,126098
1,1,126353
1,1,126605
0,0,128781
0,0,129037
0,0,129292
0,0,129549
0,0,129804
0,0,130088
0,0,130344
0,0,130601
0,0,130856
0,0,131123
0,0,131381
0,0,131632
0,0,131888
0,0,132140
0,0,132392
0,0,132648
0,0,132904
0,0,133160
0,0,133416
0,0,133672
3,3,135776
3,3,136028
3,3,136284
3,3,136541
3,3,136796
3,3,137053
3,3,137308
3,3,137565
3,3,137817
3,3,138073
3,3,138329
3,3,138584
3,3,138840
3,3,139097
3,3,139352
3,3,139608
3,3,139860
3,3,140111
0,0,142300
0,0,142551
0,0,142807
0,0,143064
0,0,143315
0,0,143572
0,0,143828
0,0,144084
0,0,144339
0,0,144596
0,0,144852
0,0,145104
0,0,145355
0,0,145611
0,0,145863
0,0,146115
0,0,146367
0,0,146619
0,0,146871
0,0,147128
1,1,149324
1,1,149580
1,1,149836
1,1,150092
1,1,150348
1,1,150604
1,1,150861
1,1,151117
1,1,151372
1,1,151628
1,1,151884
1,1,152140
1,1,152397
1,1,152652
1,1,152907
1,1,153164
1,1,153432
1,1,153685
1,1,153940
1,1,154192
1,1,154448
1,1,154705
1,1,154960
1,1,155216
0,0,157347
0,0,157600
0,0,157851
0,0,158107
0,0,158363
0,0,158620
0,0,158875
0,0,159131
0,0,159387
0,0,159643
0,0,159900
0,0,160155
0,0,160407
0,0,160663
0,0,160920
0,0,161203
0,0,161459
0,0,161716
0,0,161971
0,0,162227
1,1,164368
1,1,164624
1,1,164880
1,1,165135
1,1,165388
1,1,165645
1,1,165900
1,1,166156
1,1,166412
1,1,166668
1,1,166935
1,1,167191
1,1,167447
1,1,167704
1,1,167959
1,1,168215
1,1,168471
1,1,168723
1,1,168980
1,1,169236
1,1,169491
1,1,169748
1,1,170004
1,1,170256
0,0,172394
0,0,172646
0,0,172899
0,0,173151
0,0,173407
0,0,173663
0,0,173919
0,0,174180
0,0,174435
0,0,174691
0,0,174943
0,0,175199
0,0,175455
0,0,175710
0,0,175966
0,0,176223
0,0,176474
0,0,176730
0,0,176987
0,0,177243
3,3,179414
3,3,179671
3,3,179926
3,3,180197
3,3,180455
3,3,180711
3,3,180967
3,3,181223
3,3,181479
3,3,181735
3,3,182027
3,3,182283
3,3,182539
3,3,182795
3,3,183051
3,3,183306
3,3,183559
3,3,183814
0,0,185933
0,0,186185
0,0,186439
0,0,186694
0,0,186947
0,0,187202
0,0,187458
0,0,187714
0,0,187970
0,0,188226
0,0,188477
0,0,188734
0,0,189018
0,0,189274
0,0,189530
0,0,189786
0,0,190043
0,0,190298
0,0,190554
0,0,190810
1,1,192962
1,1,193219
1,1,193475
1,1,193727
1,1,193982
1,1,194239
1,1,194495
1,1,194747
1,1,195003
1,1,195259
1,1,195515
1,1,195771
1,1,196027
1,1,196283
1,1,196539
1,1,196795
1,1,197047
1,1,197303
1,1,197559
1,1,197814
1,1,198071
1,1,198358
1,1,198615
1,1,198870
0,0,200990
0,0,201246
0,0,201541
0,0,201798
0,0,202053
0,0,202342
0,0,202594
0,0,202849
0,0,203145
0,0,203402
0,0,203658
0,0,203953
0,0,204206
0,0,204462
0,0,204758
0,0,205013
0,0,205269
0,0,205565
0,0,205822
2,2,208058
2,2,208314
2,2,208570
2,2,208825
2,2,209078
2,2,209333
2,2,209589
2,2,209846
2,2,210102
2,2,210358
2,2,210614
2,2,210870
2,2,211126
2,2,211382
2,2,211638
2,2,211889
2,2,212146
2,2,212402
0,0,214581
0,0,214837
0,0,215089
0,0,215345
0,0,215597
0,0,215853
0,0,216109
0,0,216365
0,0,216622
0,0,216877
0,0,217133
0,0,217389
0,0,217645
0,0,217902
0,0,218157
0,0,218413
0,0,218669
0,0,218924
0,0,219177
0,0,219429
1,1,221602
1,1,221858
1,1,222109
1,1,222365
1,1,222622
1,1,222878
1,1,223133
1,1,223389
1,1,223645
1,1,223901
1,1,224157
1,1,224413
1,1,224666
1,1,224922
1,1,225177
1,1,225433
1,1,225689
1,1,225946
1,1,226201
1,1,226457
1,1,226714
1,1,226974
1,1,227229
1,1,227485
0,0,229621
0,0,229877
0,0,230132
0,0,230388
0,0,230641
0,0,230897
0,0,231153
0,0,231409
0,0,231665
0,0,231921
0,0,232177
0,0,232433
0,0,232684
0,0,232940
0,0,233197
0,0,233452
0,0,233709
0,0,233964
0,0,234220
0,0,234477
3,3,236644
3,3,236901
3,3,237157
3,3,237409
3,3,237665
3,3,237922
3,3,238177
3,3,238433
3,3,238689
3,3,238945
3,3,239201
3,3,239457
3,3,239713
3,3,239969
3,3,240220
3,3,240477
3,3,240732
3,3,240989
0,0,243221
0,0,243476
0,0,243728
0,0,243984
0,0,244241
0,0,244496
0,0,244752
0,0,245007
0,0,245264
0,0,245521
0,0,245777
0,0,246033
0,0,246288
0,0,246541
0,0,246796
0,0,247051
0,0,247308
0,0,247564
0,0,247820
0,0,248076
1,0,250189
1,0,250445
1,0,250700
1,0,250956
1,0,251212
1,0,251468
1,0,251744
1,0,252021
1,1,252277
1,1,252533
1,1,252788
1,1,253044
1,1,253302
1,1,253556
1,1,253812
1,1,254078
1,1,254337
1,1,254593
1,1,254849
1,1,255105
1,1,255360
1,1,255616
1,1,255873
1,1,256129
1,1,256384
1,1,256640
1,1,256896
1,1,257152
1,1,257408
1,1,257665
1,1,257921
1,1,258176
0,0,260207
0,0,260459
0,0,260711
0,0,260968
0,0,261220
0,0,261475
0,0,261732
0,0,261988
0,0,262243
0,0,262500
0,0,262756
0,0,263012
0,0,263268
0,0,263523
0,0,263780
0,0,264074
0,0,264331
0,0,264588
0,0,264843
0,0,265100
1,1,267237
1,1,267492
1,1,267748
1,1,268005
1,1,268260
1,1,268516
1,1,268772
1,1,269061
1,1,269315
1,1,269572
1,1,269828
1,1,270084
1,1,270340
1,1,270640
1,1,270896
1,1,271152
1,1,271407
1,1,271664
1,1,271920
1,1,272175
1,1,272430
1,1,272687
1,1,272944
1,1,273200
0,0,275259
0,0,275515
0,0,275771
0,0,276027
0,0,276283
0,0,276539
0,0,276795
0,0,277051
0,0,277307
0,0,277563
0,0,277815
0,0,278071
0,0,278327
0,0,278583
0,0,278839
0,0,279095
0,0,279351
0,0,279607
0,0,279863
0,0,280129
1,0,2031
1,0,2283
1,0,2539
1,0,2795
1,0,3051
1,0,3303
1,0,3559
1,0,3815
1,0,4071
1,0,4327
1,0,4583
1,0,4839
1,0,5095
1,0,2049
1,0,2307
1,0,2559
1,0,2815
1,0,3071
1,0,3328
1,0,3583
1,0,3839
1,0,2027
1,0,2283
1,0,2539
1,0,2795
1,0,3051
1,0,3307
1,0,3563
1,0,3818
1,0,4075
1,0,4331
1,0,4586
1,0,4843
1,0,5099
1,0,5354
1,0,5610
1,0,5863
1,0,2040
1,0,2299
1,0,2559
1,0,2815
1,0,3068
1,0,3323
1,0,3578
1,0,3835
1,0,4087
1,0,4344
1,0,4599
1,0,4852
1,0,5104
1,0,5355
1,0,5611
1,0,5867
1,0,6119
1,0,6371
1,0,6627
1,0,6879
1,0,7131
1,0,7384
1,0,7639
1,0,7891
1,0,8143
1,0,8396
1,0,8651
1,0,8907
1,0,9163
1,0,9420
1,0,9676
1,0,9931
1,0,10187
1,0,10444
1,0,10700
1,0,10950
1,0,11208
1,0,11464
1,0,11715
1,0,11967
0,0,14054
0,0,14306
0,0,14559
0,0,14817
0,0,15072
0,0,15325
0,0,15577
0,0,15829
0,0,16086
0,0,16337
0,0,16589
1,1,2030
1,1,2287
1,1,2543
1,1,2794
1,1,3050
1,1,3306
1,1,3562
1,1,3818
1,1,4069
1,1,4322
1,1,4578
1,1,4830
1,1,5086
1,1,5342
1,1,5598
1,1,5854
1,1,6106
1,1,6363
1,1,6618
1,1,6874
1,1,7125
1,1,7382
1,1,7634
1,1,7886
0,0,10045
0,0,10297
0,0,10553
0,0,10809
0,0,11065
0,0,11316
0,0,11568
0,0,11820
0,0,12072
0,0,12324
0,0,12581
0,0,12832
0,0,13085
0,0,13336
0,0,13588
0,0,13845
0,0,14096
0,0,14348
0,0,14604
0,0,14861
2,2,17073
2,2,17325
2,2,17582
2,2,17837
2,2,18089
2,2,18340
2,2,18596
2,2,18849
2,2,19105
2,2,19356
2,2,19612
2,2,19865
2,2,20117
2,2,20373
2,2,20629
2,2,20885
2,2,21141
2,2,21397
0,0,23600
0,0,23856
0,0,24107
0,0,24359
0,0,24612
0,0,24864
0,0,25116
0,0,25368
0,0,25620
0,0,25872
0,0,26124
0,0,26380
0,0,26632
0,0,26884
0,0,27135
0,0,27392
0,0,27644
0,0,27896
0,0,28147
0,0,28399
1,0,30626
1,0,30881
1,0,31137
1,0,31390
1,0,31645
1,0,31901
1,0,32157
1,0,32409
1,0,32665
1,0,32921
1,0,33176
1,0,33433
1,0,33689
1,0,33940
1,0,34193
1,0,34444
1,0,34701
1,0,34957
1,0,35212
1,0,2030
1,0,2285
1,0,2541
1,0,2798
1,0,3053
1,0,3310
1,0,3565
1,0,3822
1,0,4078
1,0,4333
1,0,4586
1,0,2147
1,0,2402
1,0,2654
1,0,2909
1,0,2029
1,0,2280
1,0,2536
1,0,2793
1,0,3048
1,0,2419
1,0,2675
1,0,2926
1,0,3182
1,0,3439
1,0,3695
1,0,2028
1,0,2284
1,0,2539
1,0,2791
1,0,3048
1,0,3304
1,0,3556
1,0,3812
1,0,2029
1,0,2285
1,0,2540
1,0,2793
1,0,3048
1,0,3301
1,0,3557
1,0,3812
1,0,4068
1,0,4324
1,0,2026
1,0,2282
1,0,2538
1,0,2794
1,0,3049
1,0,3305
1,0,2032
1,0,2285
1,0,2541
1,0,2795
1,0,3048
1,0,3300
1,0,3556
1,0,3811
1,0,4065
1,0,4320
1,0,4576
1,0,4832
1,0,5087
1,0,5344
1,0,5600
1,0,5856
1,0,6111
1,0,6367
1,0,6625
1,0,6881
1,0,7136
1,0,7391
1,0,7648
1,0,7903
1,0,8160
1,0,8415
1,0,8672
1,0,8924
1,0,2081
1,0,2331
1,0,2588
1,0,2844
1,0,3100
1,0,3356
1,0,3612
1,0,3868
1,0,4124
1,0,4379
1,0,4633
1,0,4888
1,0,5140
1,0,5396
1,0,5652
1,0,5909
1,0,6164
1,0,6419
1,0,6676
1,0,6932
1,0,7187
1,0,7443
1,0,7699
1,0,7952
1,0,8208
1,0,8464
1,0,8719
1,0,8975
1,0,9232
1,0,9484
1,0,9740
1,0,9996
1,0,10252
1,0,10508
1,0,10763
1,0,11020
1,0,11276
1,0,11528
1,0,2029
1,0,2285
1,0,2541
1,0,2796
1,0,3053
1,0,3309
1,0,3565
1,0,3821
1,0,4077
1,0,4332
1,0,4588
1,0,4844
1,0,5101
1,0,5357
1,0,5613
1,0,5869
1,0,2027
1,0,2283
1,0,2535
1,0,2791
1,0,3047
1,0,3304
1,0,3560
1,0,3814
1,0,4071
1,0,4327
1,0,4582
1,0,4839
1,0,5096
1,0,5351
1,0,5606
1,0,2028
1,0,2279
1,0,2535
1,0,2787
1,0,3039
1,0,3291
1,0,3543
1,0,3794
1,0,4051
1,0,4307
1,0,4563
1,0,4819
1,0,5075
1,0,5331
1,0,5583
1,0,5835
1,0,6091
1,0,6343
1,0,6599
1,0,6855
1,0,7111
1,0,7367
1,0,7623
1,0,7879
1,0,8135
1,0,2030
1,0,2287
1,0,2032
1,0,2287
1,0,2543
1,0,2799
1,0,3055
1,0,3311
1,0,3567
1,0,3819
1,0,4076
1,0,4331
1,0,4587
1,0,4844
1,0,5100
1,0,5355
1,0,5612
1,0,5868
1,0,6123
1,0,6380
1,0,6635
1,0,6891
1,0,7147
1,0,7404
1,0,7655
1,0,7912
1,0,8167
1,0,8424
1,0,8680
1,0,8935
1,0,9191
1,0,9447
1,0,9704
1,0,9959
1,0,10215
1,0,10472
1,0,10727
1,0,10983
1,0,11240
1,0,11495
1,0,11751
1,0,12006
0,0,14064
0,0,14319
0,0,14570
0,0,14823
0,0,15078
0,0,15330
0,0,15586
0,0,15843
0,0,16095
0,0,16350
0,0,16602
0,0,16855
0,0,17106
0,0,17363
0,0,17619
0,0,17874
0,0,18126
0,0,18378
0,0,18630
0,0,18886
2,0,21091
2,0,21349
