1,1,2073
1,1,2333
1,1,2584
1,1,2839
1,1,3092
1,1,3348
1,1,3605
1,1,3860
1,1,4116
1,1,4373
1,1,4627
1,1,4884
1,1,5141
1,1,5391
1,1,5648
1,1,5901
1,1,6155
1,1,6411
1,1,6665
1,1,6920
1,1,7176
1,1,7432
1,1,7683
1,1,7941
0,0,10100
0,0,10351
0,0,10603
0,0,10855
0,0,11116
0,0,11371
0,0,11626
0,0,11879
0,0,12130
0,0,12386
0,0,12639
0,0,12890
0,0,13142
0,0,13399
0,0,13654
0,0,13907
0,0,14164
0,0,14418
0,0,14675
0,0,14928
2,0,17126
2,0,17384
2,0,17634
2,0,17891
2,0,18144
2,0,18396
2,0,18648
2,0,18899
2,0,19155
2,0,19411
2,0,19664
2,0,19916
2,0,20167
2,0,20419
2,0,20674
2,0,20926
2,0,21179
2,0,21436
2,0,21690
2,0,21947
2,0,22204
2,0,22455
2,0,22710
2,0,22968
2,0,23224
2,0,23480
2,0,23736
2,0,23988
2,0,24242
2,0,24493
2,0,24743
2,0,25001
2,0,25256
2,0,25506
2,0,25758
2,0,26013
2,0,26271
2,0,26526
1,0,2047
1,0,2303
1,0,2559
1,0,2812
1,0,3067
1,1,3319
1,1,3572
1,1,3827
1,1,4085
1,1,4340
1,1,4591
1,1,4847
1,1,5117
1,1,5375
1,1,5631
1,1,5888
1,1,6144
1,1,6396
1,1,6646
1,1,6903
1,1,7159
1,1,7416
1,1,7672
1,1,7927
1,1,8183
1,1,8435
1,1,8691
1,1,8947
0,0,11154
0,0,11410
0,0,11666
0,0,11918
0,0,12171
0,0,12426
0,0,12678
0,0,12930
0,0,13181
0,0,13439
0,0,13694
0,0,13947
0,0,14202
0,0,14453
0,0,14710
0,0,14966
0,0,15218
0,0,15471
0,0,15722
0,0,15979
2,2,18186
2,2,18442
2,2,18700
2,2,18954
2,2,19210
2,2,19461
2,2,19719
2,2,19974
2,2,20231
2,2,20482
2,2,20738
2,2,20991
2,2,21250
2,2,21506
2,2,21760
2,2,22018
2,2,22274
2,2,22526
0,0,24716
0,0,24971
0,0,25223
0,0,25474
0,0,25729
0,0,25982
0,0,26234
0,0,26490
0,0,26745
0,0,26998
0,0,27253
0,0,27506
0,0,27758
0,0,28009
0,0,28265
0,0,28522
0,0,28773
0,0,29025
0,0,29282
0,0,29533
1,0,31730
1,0,31986
1,0,32243
1,0,32498
1,0,32754
1,0,33011
1,0,33263
1,0,33522
1,0,33775
1,0,34026
1,0,34279
1,0,34531
1,0,34783
1,0,35038
1,0,35295
1,0,35550
1,0,35802
1,0,36058
1,0,36317
1,0,36574
1,0,36830
1,0,37083
1,0,37349
1,0,37605
1,0,37860
1,0,38119
1,0,38374
1,0,38632
1,0,38886
1,0,39139
1,0,39394
1,0,39650
1,0,39905
1,0,40163
1,0,40418
1,0,40674
1,0,40927
1,0,41183
1,0,41438
1,0,41694
0,0,43753
0,0,44005
1,0,2029
1,0,2284
1,0,2542
1,0,2800
1,1,3052
1,1,3311
1,1,3564
1,1,3820
1,1,4078
1,1,4332
1,1,4586
1,1,4841
1,1,5093
1,1,5349
1,1,5601
1,1,5856
1,1,6113
1,1,6364
1,1,6621
1,1,6877
1,1,7129
1,1,7385
1,1,7635
1,1,7892
1,1,8144
1,1,8402
1,1,8653
1,1,8908
0,0,10938
0,0,11195
0,0,11447
0,0,11700
0,0,11955
0,0,12207
0,0,12460
0,0,12715
0,0,12971
0,0,13228
0,0,13483
0,0,13740
0,0,13992
0,0,14247
0,0,14503
0,0,14756
0,0,15011
0,0,15267
0,0,15527
0,0,15784
2,0,17964
2,0,18223
2,0,18476
2,0,18731
2,0,18986
2,0,19244
1,0,2047
1,0,2299
1,0,2555
1,0,2808
1,0,3064
1,0,3319
1,0,3575
1,0,3828
1,0,4083
1,0,4339
1,0,4593
1,0,4847
1,0,5103
1,0,5356
1,0,5612
1,0,5867
1,0,6120
1,0,6375
1,0,6631
1,0,6886
1,0,7139
1,0,7395
1,0,7657
1,1,2046
1,1,2303
1,1,2559
1,1,2815
1,1,3070
1,1,3327
1,1,3582
1,1,3849
1,1,4106
1,1,4361
1,1,4618
1,1,4871
1,1,5126
1,1,5383
1,1,5639
1,1,5890
1,1,6145
1,1,6399
1,1,6650
1,1,6906
1,1,7167
1,1,7419
1,1,7674
1,1,7927
0,0,10065
0,0,10318
0,0,10569
0,0,10825
0,0,11082
0,0,11333
0,0,11589
0,0,11846
0,0,12100
0,0,12357
0,0,12609
0,0,12865
0,0,13121
0,0,13374
0,0,13624
0,0,13881
0,0,14137
0,0,14394
0,0,14648
0,0,14901
2,2,17101
2,2,17358
2,2,17614
2,2,17869
2,2,18121
2,2,18374
2,2,18626
2,2,18881
2,2,19134
2,2,19389
2,2,19645
2,2,19902
2,2,20157
2,2,20413
2,2,20665
2,2,20922
2,2,21174
2,2,21426
0,0,23622
0,0,23877
0,0,24133
0,0,24389
0,0,24645
0,0,24900
0,0,25156
0,0,25413
0,0,25668
0,0,25918
0,0,26177
0,0,26428
0,0,26685
0,0,26940
0,0,27193
0,0,27471
0,0,27729
0,0,27980
0,0,28237
0,0,28492
1,1,30646
1,1,30902
1,1,31153
1,1,31409
1,1,31667
1,1,31921
1,1,32177
1,1,32435
1,1,32688
1,1,32945
1,1,33195
1,1,33453
1,1,33709
1,1,33963
1,1,34214
1,1,34473
1,1,34730
1,1,34988
1,1,35245
1,1,35498
1,1,35754
1,1,36013
1,1,36269
1,1,36525
0,0,38672
0,0,38928
0,0,39180
0,0,39436
0,0,39692
0,0,39948
0,0,40203
0,0,40460
0,0,40712
0,0,40967
0,0,41219
0,0,41476
0,0,41733
0,0,41986
0,0,42240
0,0,42493
0,0,42744
0,0,42999
0,0,43256
0,0,43512
3,0,45694
3,3,45952
3,3,46208
3,3,46461
3,3,46712
3,3,46969
3,3,47223
3,3,47477
3,3,47732
3,3,47988
3,3,48241
3,3,48493
3,3,48748
3,3,49004
3,3,49260
3,3,49513
3,3,49765
3,3,50019
3,3,50272
0,0,52419
0,0,52671
0,0,52924
0,0,53175
0,0,53432
0,0,53684
0,0,53940
0,0,54195
0,0,54448
0,0,54703
0,0,54956
0,0,55212
0,0,55469
0,0,55727
0,0,55983
0,0,56244
0,0,56496
0,0,56752
0,0,57007
0,0,57264
1,1,59445
1,1,59700
1,1,59956
1,1,60209
1,1,60460
1,1,60717
1,1,60973
1,1,61228
1,1,61484
1,1,61742
1,1,62000
1,1,62256
1,1,62513
1,1,62768
1,1,63024
1,1,63279
1,1,63533
1,1,63788
1,1,64044
1,1,64296
1,1,64547
1,1,64803
1,1,65057
1,1,65312
0,0,67468
0,0,67719
0,0,67975
0,0,68227
0,0,68485
0,0,68742
0,0,68999
0,0,69252
0,0,69503
0,0,69754
0,0,70007
0,0,70262
0,0,70515
0,0,70768
0,0,71022
0,0,71278
0,0,71532
0,0,71796
0,0,72051
0,0,72307
2,2,74487
2,2,74741
2,2,74992
2,2,75247
2,2,75503
2,2,75755
2,2,76011
2,2,76268
2,2,76523
2,2,76775
2,2,77032
2,2,77282
2,2,77539
2,2,77795
2,2,78052
2,2,78306
2,2,78564
2,2,78819
0,0,81014
0,0,81266
0,0,81520
0,0,81771
0,0,82022
0,0,82277
0,0,82536
0,0,82794
0,0,83051
0,0,83302
0,0,83558
0,0,83811
0,0,84063
0,0,84319
0,0,84575
0,0,84825
0,0,85082
0,0,85336
0,0,85595
0,0,85851
1,1,88039
1,1,88294
1,1,88548
1,1,88807
1,1,89063
1,1,89317
1,1,89575
1,1,89826
1,1,90084
1,1,90335
1,1,90591
1,1,90843
1,1,91099
1,1,91355
1,1,91608
1,1,91862
1,1,92119
1,1,92376
1,1,92627
1,1,92882
1,1,93136
1,1,93391
1,1,93646
1,1,93904
0,0,96062
0,0,96318
0,0,96574
0,0,96830
0,0,97087
0,0,97342
0,0,97598
0,0,97851
0,0,98102
0,0,98358
0,0,98610
0,0,98866
0,0,99118
0,0,99373
0,0,99630
0,0,99884
0,0,100139
0,0,100391
0,0,100646
0,0,100898
3,3,103087
3,3,103339
3,3,103594
3,3,103845
3,3,104103
3,3,104359
3,3,104615
3,3,104870
3,3,105125
3,3,105382
3,3,105638
3,3,105894
3,3,106147
3,3,106403
3,3,106658
3,3,106914
3,3,107168
3,3,107425
0,0,109609
0,0,109865
0,0,110118
0,0,110370
0,0,110621
0,0,110878
0,0,111134
0,0,111389
0,0,111646
0,0,111901
0,0,112158
0,0,112410
0,0,112665
0,0,112922
0,0,113173
0,0,113430
0,0,113682
0,0,113933
0,0,114189
0,0,114470
1,0,116631
1,0,116882
1,0,117138
1,0,117391
1,0,117645
1,0,117903
1,0,118155
1,0,118410
1,0,118667
1,0,118918
1,0,119174
1,0,119434
1,1,119690
1,1,119946
1,1,120203
1,1,120458
1,1,120714
1,1,120969
1,1,121225
1,1,121481
1,1,121735
1,1,121986
1,1,122242
1,1,122499
1,1,122758
1,1,123013
1,1,123270
1,1,123527
1,1,123782
1,1,124035
1,1,124289
1,1,124545
1,1,124803
1,1,125058
1,1,125314
1,1,125568
0,1,127629
0,1,127885
0,1,128140
0,0,128392
0,0,128646
0,0,128900
0,0,129156
0,0,129413
0,0,129668
0,0,129924
0,0,130181
0,0,130432
0,0,130688
0,0,130941
0,0,131193
0,0,131449
0,0,131701
0,0,131957
0,0,132213
0,0,132469
0,0,132721
0,0,132977
3,0,135188
3,0,135441
3,0,135698
3,0,135953
3,0,136204
3,0,136456
3,0,136712
3,0,136969
3,0,137222
1,1,2091
1,1,2347
1,1,2604
1,1,2859
1,1,3116
1,1,3376
1,1,3627
1,1,3882
1,1,4138
1,1,4395
1,1,4651
1,1,4908
1,1,5163
1,1,5418
1,1,5675
1,1,5927
1,1,6182
1,1,6436
1,1,6687
1,1,6943
1,1,7198
1,1,7454
1,1,7710
1,1,7967
0,0,10110
0,0,10365
0,0,10618
0,0,10873
0,0,11129
0,0,11386
0,0,11641
0,0,11897
0,0,12154
0,0,12406
0,0,12663
0,0,12918
0,0,13173
0,0,13430
0,0,13682
0,0,13937
0,0,14189
0,0,14446
0,0,14698
0,0,14949
2,0,17138
2,0,17394
2,0,17650
2,0,17906
2,0,18161
2,0,18414
2,0,18665
2,0,18928
2,0,19179
2,0,19429
2,0,19686
2,0,19937
2,0,20190
2,0,20445
2,0,20701
2,0,20958
2,0,21210
2,0,21466
2,0,21717
2,2,21974
2,2,22226
2,2,22482
2,2,22734
2,2,22989
2,2,23242
2,2,23493
2,2,23750
2,2,24007
2,2,24257
2,2,24514
2,2,24765
2,2,25017
2,2,25271
2,2,25529
2,2,25781
2,2,26033
0,2,28262
0,2,28516
0,2,28772
0,2,29028
1,1,2090
1,1,2345
1,1,2596
1,1,2854
1,1,3110
1,1,3368
1,1,3626
1,1,3881
1,1,4133
1,1,4389
1,1,4646
1,1,4897
1,1,5153
1,1,5406
1,1,5661
1,1,5917
1,1,6173
1,1,6429
1,1,6684
1,1,6937
1,1,7193
1,1,7451
1,1,7705
1,1,7961
0,0,10121
0,0,10377
0,0,10628
0,0,10884
0,0,11141
0,0,11396
0,0,11648
0,0,11901
0,0,12156
0,0,12408
0,0,12661
0,0,12913
0,0,13168
0,0,13425
0,0,13676
0,0,13932
0,0,14185
0,0,14436
0,0,14688
0,0,14945
2,0,17152
2,0,17404
2,2,17657
2,2,17913
2,2,18168
2,2,18434
2,2,18692
2,2,18948
2,2,19202
2,2,19452
2,2,19708
2,2,19962
2,2,20216
2,2,20473
2,2,20726
2,2,20980
2,2,21236
2,2,21489
2,2,21744
2,2,21997
0,2,24143
0,2,24395
0,2,24652
0,2,24903
0,2,25155
0,2,25413
0,2,25666
0,2,25920
0,2,26172
0,2,26424
0,2,26675
0,2,26932
0,2,27185
0,2,27435
0,2,27687
0,2,27944
0,2,28195
0,2,28451
0,2,28709
0,2,28959
0,2,29212
0,2,29464
0,2,29715
0,2,29968
0,2,30218
0,2,30472
0,2,30724
0,2,30975
0,2,31228
0,2,31483
0,2,31739
0,2,31997
0,2,32248
0,2,32504
0,2,32761
0,2,33011
0,2,33263
0,2,33520
0,2,33776
0,2,34028
1,2,36178
1,2,36428
1,2,36684
1,2,36936
1,2,37188
1,2,37446
1,2,37703
1,2,37960
1,2,38216
1,1,2089
1,1,2341
1,1,2598
1,1,2850
1,1,3105
1,1,3362
1,1,3616
1,1,3873
1,1,4126
1,1,4382
1,1,4632
1,1,4888
1,1,5141
1,1,5393
1,1,5649
1,1,5901
1,1,6157
1,1,6408
1,1,6665
1,1,6921
1,1,7177
1,1,7438
1,1,7692
1,1,7948
0,0,10113
0,0,10364
0,0,10616
0,0,10872
0,0,11124
0,0,11376
0,0,11628
0,0,11883
0,0,12137
0,0,12387
0,0,12643
0,0,12900
0,0,13151
0,0,13403
0,0,13661
0,0,13916
0,0,14172
0,0,14424
0,0,14680
0,0,14936
2,0,17137
2,0,17392
2,0,17647
2,0,17901
2,0,18155
2,0,18411
2,0,18668
2,0,18924
2,0,19180
2,0,19436
2,2,19687
2,2,19939
2,2,20191
2,2,20448
2,2,20703
2,2,20960
2,2,21211
2,2,21469
2,2,21724
2,2,21980
2,2,22237
2,2,22487
2,2,22744
2,2,23001
2,2,23255
2,2,23512
2,2,23764
0,0,25983
0,0,26235
0,0,26492
0,0,26748
0,0,27004
0,0,27255
0,0,27508
0,0,27760
0,0,28014
0,0,28267
0,0,28523
0,0,28775
0,0,29032
0,0,29287
0,0,29543
0,0,29796
0,0,30047
0,0,30303
0,0,30559
0,0,30815
1,0,33015
1,0,33267
1,0,33525
1,0,33776
1,0,34031
1,0,34289
1,0,34540
1,0,34791
1,0,35047
1,0,35300
1,0,35555
1,0,35808
1,0,36064
1,1,2038
1,1,2289
1,1,2544
1,1,2801
1,1,3056
1,1,3312
1,1,3570
1,1,3824
1,1,4080
1,1,4338
1,1,4592
1,1,4849
1,1,5106
1,1,5365
1,1,5615
1,1,5873
1,1,6125
1,1,6376
1,1,6632
1,1,6884
1,1,7140
1,1,7397
1,1,7653
1,1,7904
0,0,10060
0,0,10315
0,0,10573
0,0,10828
0,0,11083
0,0,11336
0,0,11591
0,0,11847
0,0,12104
0,0,12360
0,0,12615
0,0,12867
0,0,13119
0,0,13375
0,0,13632
0,0,13888
0,0,14139
0,0,14395
0,0,14648
0,0,14898
2,0,17087
2,0,17339
2,0,17596
2,0,17847
2,0,18103
2,2,18360
2,2,18615
2,2,18872
2,2,19128
2,2,19383
2,2,19639
2,2,19896
2,2,20148
2,2,20403
2,2,20655
2,2,20911
2,2,21168
2,2,21420
2,2,21676
2,2,21931
2,2,22187
2,2,22440
0,0,24642
0,0,24896
0,0,25150
0,0,25407
0,0,25659
0,0,25911
0,0,26167
0,0,26423
0,0,26679
0,0,26931
0,0,27182
0,0,27439
0,0,27691
0,0,27947
0,0,28199
0,0,28454
0,0,28711
0,0,28963
0,0,29219
0,0,29483
1,0,31664
1,0,31919
1,0,32173
1,0,32423
1,0,32679
1,0,32937
1,0,33191
1,0,33447
1,0,33704
1,0,33955
1,0,34211
1,0,34464
1,0,34714
1,0,34967
1,0,2075
1,0,2329
1,0,2585
1,0,2837
1,0,3093
1,0,3350
1,0,3629
1,0,3886
1,0,4141
1,0,4391
1,1,2069
1,1,2326
1,1,2584
1,1,2840
0,0,5096
0,0,5352
2,2,7627
2,2,7884
2,2,8140
2,2,8395
2,2,8651
2,2,8907
2,2,9159
2,2,9409
0,0,11467
0,0,11723
1,1,14000
1,1,14256
1,1,14509
1,1,14764
0,0,17024
0,0,17275
3,3,19543
3,3,19799
3,3,20052
3,3,20308
3,3,20559
3,3,20824
3,3,21079
3,3,21331
0,0,23361
0,0,23615
1,0,25888
1,0,26139
1,0,26395
1,0,26647
1,0,26900
1,0,27155
1,0,27411
1,0,27663
1,0,27920
1,0,28172
1,0,28424
1,0,28676
1,0,28932
1,1,2039
1,1,2292
1,1,2548
1,1,2805
0,0,5052
0,0,5304
2,2,7577
2,2,7828
2,2,8079
2,2,8336
2,2,8589
2,2,8848
2,2,9104
2,2,9355
0,0,11396
0,0,11651
1,1,13921
1,1,14175
1,1,14432
1,1,14689
0,0,16943
0,0,17199
3,3,19464
3,3,19719
3,3,19972
3,3,20223
3,3,20479
3,3,20732
3,3,20988
3,3,21244
0,0,23284
0,0,23559
1,1,25809
1,1,26063
1,1,26319
1,1,26575
0,0,28835
0,0,29088
2,2,31355
2,2,31607
2,2,31863
2,2,32116
2,2,32366
2,2,32623
2,2,32885
2,2,33143
0,0,35179
0,0,35430
1,0,37700
1,0,37951
1,0,38207
1,0,38469
1,0,38722
1,0,38975
1,0,39228
1,0,39484
1,0,39743
1,0,39998
1,0,40252
1,1,40507
1,1,40763
1,1,41014
1,1,41271
0,0,43519
0,0,43774
3,3,46039
3,3,46295
3,3,46550
3,3,46806
3,3,47064
3,3,47322
3,3,47578
3,3,47831
0,3,49865
0,3,50122
1,0,2042
1,0,2302
1,0,2558
1,0,2809
1,0,3063
1,0,3313
1,0,3569
1,0,3822
1,0,4074
1,0,4326
1,0,4586
1,0,4842
1,0,5098
1,0,5353
1,0,5615
1,0,5869
1,0,6125
1,0,6382
1,0,6637
1,0,6889
0,0,9065
0,0,9317
1,0,2038
1,0,2294
1,1,2036
1,1,2287
1,1,2542
1,1,2799
0,0,5064
0,0,5316
2,0,7586
2,0,7837
2,2,8089
2,2,8345
2,2,8597
2,2,8850
2,2,9106
2,2,9362
2,2,9617
0,2,11696
0,2,11948
0,0,12202
0,0,12452
1,0,14618
1,0,14874
1,0,15129
1,0,15387
1,0,15637
1,0,15893
1,0,16144
1,0,16395
1,1,2036
1,1,2289
1,1,2542
1,1,2798
0,0,5054
0,0,5306
2,2,7578
2,2,7831
2,2,8086
2,2,8343
2,2,8599
2,2,8854
2,2,9106
2,2,9359
0,0,11397
0,0,11650
1,0,13931
1,0,14183
1,0,14439
1,0,14695
1,0,14950
1,0,15203
1,0,15458
1,0,15714
1,0,15971
1,0,16227
1,0,16483
1,0,16737
1,0,16994
1,0,17250
1,0,17507
1,0,17762
1,0,18018
1,0,18275
1,0,18526
1,0,18783
0,0,20953
0,0,21205
1,0,2031
1,0,2286
1,0,2539
1,0,2793
1,0,3046
1,1,2030
1,1,2283
1,1,2539
1,1,2795
0,0,5058
0,0,5309
2,2,7582
2,2,7837
2,2,8093
2,2,8349
2,2,8601
2,2,8857
2,2,9114
2,2,9369
0,0,11405
0,0,11656
1,0,13923
1,0,14178
1,0,14429
1,0,14686
1,1,2121
1,1,2375
1,1,2629
1,1,2883
0,0,5139
0,0,5391
0,0,5643
2,2,7671
2,2,7928
2,2,8179
2,2,8436
2,2,8692
2,2,8943
2,2,9205
2,2,9464
0,0,11498
0,0,11751
1,0,14027
1,0,14280
1,0,14531
1,0,14787
1,0,15040
1,0,15296
1,1,15548
1,1,15804
1,1,16056
1,1,16311
0,0,18490
0,0,18743
2,0,21015
2,0,21273
2,0,21530
2,0,21787
2,3,22041
2,3,22295
2,3,22547
2,3,22804
2,3,23068
2,3,23323
2,3,23580
2,3,23831
2,3,24087
2,3,24344
2,3,24598
2,3,24860
2,3,25116
2,3,25372
2,3,25623
2,3,25880
1,1,2036
1,1,2294
1,1,2549
1,1,2804
0,0,5057
0,0,5313
2,2,7584
2,2,7837
2,2,8093
2,2,8345
2,2,8601
2,2,8856
2,2,9112
2,2,9368
0,0,11407
0,0,11664
1,1,13941
1,1,14192
1,1,14448
1,1,14705
0,0,16955
0,0,17206
3,3,19476
3,3,19732
3,3,19984
3,3,20235
3,3,20491
3,3,20748
3,3,21001
3,3,21251
0,0,23304
0,0,23559
1,1,25833
1,1,26088
1,1,26345
1,1,26595
0,0,28858
0,0,29116
2,2,31379
2,2,31635
2,2,31889
2,2,32140
2,2,32391
2,2,32648
2,2,32900
2,2,33155
0,0,35200
0,0,35455
1,1,37723
1,1,37979
1,1,38236
1,1,38489
1,1,2029
1,1,2286
1,1,2543
1,1,2801
0,0,5049
0,0,5299
0,0,5552
2,2,7580
2,2,7833
2,2,8088
2,2,8345
2,2,8601
2,2,8857
2,2,9112
2,2,9368
0,0,11403
0,0,11659
1,1,13941
1,1,14202
1,1,14460
1,1,14716
0,0,16967
0,0,17224
3,3,19492
3,3,19743
3,3,19999
3,3,20256
3,3,20507
3,3,20763
3,3,21020
3,3,21275
0,0,23315
0,0,23572
1,1,25836
1,1,26091
1,1,26347
1,1,26604
0,0,28854
0,0,29107
2,2,31382
2,2,31640
2,2,31896
2,2,32150
2,2,32404
2,2,32659
2,2,32914
2,2,33165
0,0,35210
0,0,35462
1,1,37731
1,1,37986
1,1,38243
1,1,38499
0,1,40751
0,1,41002
0,1,41253
0,1,41511
0,1,41762
0,1,42013
0,0,42267
0,0,42522
3,3,44578
3,3,44831
3,3,45083
3,3,45338
3,3,45595
3,3,45847
3,3,46102
3,3,46359
0,3,48406
0,0,48662
0,0,48918
1,1,51058
1,1,51309
1,1,2085
1,1,2342
1,1,2597
1,1,2853
0,0,5101
0,0,5357
2,2,7630
2,2,7885
2,2,8141
2,2,8393
2,2,8648
2,2,8901
2,2,9163
2,2,9416
0,0,11445
0,0,11696
1,1,13965
1,1,14222
1,1,14476
1,1,14733
0,0,16983
0,0,17240
3,3,19509
3,3,19764
3,3,20016
3,3,20273
3,3,20523
3,3,20780
3,3,21038
3,3,21289
0,0,23331
0,0,23584
1,1,25857
1,1,26112
1,1,26368
1,1,26621
0,0,28883
0,0,29136
2,2,31404
2,2,31656
2,2,31907
2,2,32163
2,2,32421
2,2,32671
2,2,32927
2,2,33181
0,0,35222
0,0,35475
1,1,37747
1,1,38005
1,1,38257
1,1,38508
0,1,40766
0,1,41019
0,1,41275
0,1,41526
0,1,41782
0,1,42036
0,1,42290
0,1,42543
0,1,42795
0,1,43046
0,1,43298
0,1,43551
0,1,43802
0,1,44059
0,1,44316
0,1,44566
0,1,44822
0,1,45080
1,1,2042
1,1,2299
1,1,2555
1,1,2806
0,0,5061
0,0,5324
2,2,7589
2,2,7844
2,2,8101
2,2,8357
2,2,8614
2,2,8869
2,2,9121
2,2,9378
0,0,11408
0,0,11661
1,1,13937
1,1,14190
1,1,14445
1,1,14701
0,0,16960
0,0,17217
3,3,19489
3,3,19744
3,3,19997
3,3,20253
3,3,20509
3,3,20764
3,3,21017
3,3,21273
0,0,23312
0,0,23564
1,1,25841
1,1,26096
1,1,26353
1,1,26605
0,0,28872
0,0,29124
2,2,31396
2,2,31649
2,2,31904
2,2,32161
2,2,32414
2,2,32665
2,2,32921
2,2,33176
0,0,35215
0,0,35472
1,0,37741
1,0,37998
1,0,38257
1,0,38509
1,0,38765
1,0,39021
1,1,39277
1,1,39532
1,1,39785
1,1,40036
0,1,42103
0,1,42355
0,1,42608
0,1,42859
0,1,43111
1,0,2045
1,0,2301
1,0,2558
1,0,2816
1,0,3070
1,0,3326
1,0,3581
1,0,3837
1,0,4092
1,0,4348
1,0,4606
1,0,4862
1,0,5117
1,0,5373
1,0,5756
1,0,6013
1,0,6265
1,0,6516
1,0,6772
1,0,7029
0,0,9064
0,0,9317
2,2,11588
2,2,11844
2,2,12101
2,2,12356
2,2,12609
2,2,12860
2,2,13116
2,2,13373
0,0,15403
0,0,15660
1,1,17926
1,1,18180
1,1,18432
1,1,18685
0,0,20968
0,0,21220
3,3,23493
3,3,23748
3,3,24003
3,3,24255
3,3,24511
3,3,24765
3,3,25021
3,3,25276
0,0,27324
0,0,27580
1,1,29845
1,1,30108
1,1,30364
1,1,30617
0,0,32872
0,0,33123
2,2,35396
2,2,35652
2,2,35907
2,2,36163
2,2,36420
2,2,36675
2,2,36932
2,2,37184
0,0,39215
0,0,39471
1,0,41743
1,0,41996
1,0,42264
1,0,42520
1,0,42772
1,0,43052
1,0,43303
1,0,43556
1,0,43888
1,0,44183
1,0,44437
1,0,44705
1,0,44960
1,0,45212
1,0,45466
1,0,45720
1,0,46050
1,0,46303
1,0,46559
0,0,48844
0,0,49099
1,1,2094
1,1,2361
1,1,2618
1,1,2872
0,0,5113
0,0,5364
2,2,7640
2,2,7892
2,2,8144
2,2,8400
2,2,8653
2,2,8909
2,2,9164
2,2,9421
0,0,11463
0,0,11715
1,1,13985
1,1,14241
1,1,14500
1,1,14753
0,0,17024
0,0,17280
3,3,19544
3,3,19799
3,3,20050
3,3,20307
3,3,20564
3,3,20821
3,3,21072
3,3,21328
0,0,23359
0,0,23611
1,1,25879
1,1,26137
1,1,26392
1,1,26645
0,0,28903
0,0,29156
2,2,31427
2,2,31678
2,2,31935
2,2,32191
2,2,32448
2,2,32711
2,2,32964
2,2,33220
0,0,35251
0,0,35507
1,0,37780
1,0,38042
1,0,38294
1,0,38547
1,0,38804
1,0,39055
1,0,39307
1,0,39565
1,0,39828
1,0,40084
1,0,40339
1,0,40595
1,0,40852
1,0,41105
1,0,41359
1,0,41617
1,0,41868
1,0,42124
1,0,42380
1,0,42635
0,0,44811
1,1,2035
1,1,2289
1,1,2546
1,1,2803
0,0,5063
0,0,5316
2,2,7593
2,2,7849
2,2,8102
2,2,8353
2,2,8609
2,2,8873
2,2,9129
2,2,9385
0,0,11416
0,0,11668
1,1,13989
1,1,14245
1,1,14497
1,1,14753
0,0,17031
0,0,17288
3,3,19549
3,3,19805
3,3,20061
3,3,20318
3,3,20573
3,3,20828
3,3,21084
3,3,21341
0,0,23373
0,0,23628
1,1,25897
1,1,26152
1,1,26412
1,1,26669
0,0,28920
0,0,29175
2,2,31445
2,2,31701
2,2,31952
2,2,32208
2,2,32464
2,2,32721
2,2,32973
2,2,33229
0,0,35267
0,0,35521
1,0,37796
1,0,38053
1,0,38317
1,0,38568
1,0,38825
1,0,39077
1,0,39331
1,0,39582
1,0,39840
1,0,40102
1,0,40353
1,0,40609
1,0,40861
1,0,41122
1,0,41373
1,0,41624
1,0,41875
1,0,42133
1,0,42384
1,0,42636
1,1,2124
1,1,2376
1,1,2631
1,1,2888
0,0,5143
0,0,5399
2,2,7672
2,2,7928
2,2,8183
2,2,8436
2,2,8687
2,2,8943
2,2,9207
2,2,9463
0,0,11491
0,0,11746
1,1,2092
1,1,2348
1,1,2604
1,1,2862
0,0,5115
0,0,5367
2,2,7642
2,2,7900
2,2,8156
2,2,8413
2,2,8667
2,2,8920
2,2,9177
2,2,9432
0,0,11460
0,0,11712
1,1,13984
1,1,14241
1,1,14496
1,1,14752
0,0,17003
0,0,17256
3,3,19531
3,3,19784
3,3,20042
3,3,20296
3,3,20551
3,3,20809
3,3,21060
3,3,21316
0,0,23351
0,0,23603
1,1,25879
1,1,26137
1,1,26393
1,1,26651
0,1,28903
0,1,29155
0,1,29412
0,0,29668
0,0,29923
2,0,31996
2,0,32251
2,0,32507
2,0,32764
1,1,2074
1,1,2329
1,1,2587
1,1,2839
0,0,5103
0,0,5357
2,2,7642
2,2,7897
2,2,8153
2,2,8410
2,2,8661
2,2,8913
2,2,9170
2,2,9425
0,0,11470
0,0,11721
1,1,13989
1,1,14245
1,1,14499
1,1,14753
0,0,17017
0,0,17269
3,3,19532
3,3,19788
3,3,20046
3,3,20300
3,3,20556
3,3,20814
3,3,21069
3,3,21326
0,0,23356
0,0,23612
1,1,25885
1,1,26138
1,1,26390
1,1,26645
0,0,28908
0,0,29161
0,0,29412
2,2,31437
2,2,31692
2,2,31945
2,2,32201
2,2,32453
2,2,32709
2,2,32964
2,2,33217
0,0,35265
0,0,35517
0,0,35772
1,0,37807
1,0,38058
1,0,38312
1,0,38570
1,1,2062
1,1,2314
1,1,2573
1,1,2829
0,0,5085
0,0,5341
2,2,7628
2,2,7885
2,2,8140
2,2,8396
2,2,8653
2,2,8908
2,2,9165
2,2,9417
0,0,11452
0,0,11708
1,0,13969
1,1,14224
1,1,14475
1,1,14725
1,1,14977
0,0,17043
0,0,17295
3,3,19576
3,3,19827
3,3,20081
3,3,20333
3,3,20588
3,3,20845
3,3,21101
3,3,21355
0,0,23392
0,0,23648
1,1,25921
1,1,26174
1,1,26429
1,1,26680
0,0,28944
0,0,29199
2,2,31463
2,2,31720
2,2,31976
2,2,32232
2,2,32484
2,2,32740
2,2,32995
2,2,33251
0,0,35287
0,0,35543
1,1,37809
1,1,38064
1,1,38319
1,1,38573
0,0,40832
0,0,41083
3,3,43361
3,3,43615
3,3,43871
3,3,44129
3,3,44387
3,3,44643
3,3,44905
3,3,45159
0,0,47187
0,0,47440
1,1,49708
1,1,49959
1,1,50215
1,1,50469
0,0,52727
0,0,52982
3,3,55259
3,3,55515
3,3,55770
3,3,56022
3,3,56275
3,3,56531
3,3,56788
3,3,57046
0,0,59082
0,0,59334
1,0,61600
1,0,61851
1,0,62107
1,0,62360
1,0,62615
1,0,62868
1,0,63120
1,0,63372
1,0,63631
1,0,63888
1,0,64142
1,0,64398
1,0,64652
1,0,64908
1,0,65162
1,0,65418
1,0,65670
1,0,65926
1,0,66184
1,0,66444
1,1,2173
1,1,2433
1,1,2688
1,1,2945
0,0,5187
0,0,5439
2,2,7711
2,2,7964
2,2,8220
2,2,8476
2,2,8731
2,2,8983
2,2,9239
2,2,9496
0,0,11534
0,0,11786
1,0,14067
1,0,14324
1,0,14577
1,0,14831
1,0,15087
1,0,15340
1,0,15592
1,0,2031
1,0,2290
1,0,2219
1,0,2477
1,0,2735
1,0,2987
1,1,3245
1,1,3501
1,1,3756
1,1,4012
0,0,6141
0,0,6395
1,0,8671
1,0,2101
1,0,2032
1,0,2286
1,0,2541
1,0,2796
1,0,3053
1,0,3308
1,0,3565
1,0,3819
1,0,4070
1,0,4320
1,0,2026
1,0,2282
1,0,2539
1,0,2794
1,0,3050
1,0,3302
1,0,3558
1,0,3810
1,0,2039
1,0,2293
1,0,2546
1,0,2798
1,0,3049
1,0,3305
1,0,2036
1,0,2295
1,0,2552
1,0,2037
1,0,2292
1,0,2547
1,0,2801
1,0,3056
1,0,3308
1,0,3573
1,0,3825
1,0,4079
1,0,4332
1,0,4588
1,0,4844
1,0,5098
1,0,5352
1,0,5603
1,0,5857
1,0,6115
1,1,2053
1,1,2316
1,1,2567
1,1,2825
0,0,5072
0,0,5327
2,0,7603
2,0,7858
2,0,8114
2,0,8371
2,0,8623
2,0,8874
2,0,9127
2,0,9379
2,0,9630
2,0,9882
2,0,10135
1,1,2031
1,1,2282
1,1,2536
1,1,2793
0,0,5050
0,0,5300
2,2,7577
2,2,7834
2,2,8089
2,2,8346
2,2,8601
2,2,8852
2,2,9112
2,2,9364
0,0,11391
0,0,11644
1,1,13910
1,1,14161
1,1,14412
1,1,14670
0,0,16931
0,0,17188
1,0,19454
1,0,19708
1,1,2045
1,1,2299
1,1,2551
1,1,2803
0,0,5064
0,0,5321
2,2,7581
2,2,7838
2,2,8096
2,2,8354
2,2,8605
2,2,8859
2,2,9110
2,2,9362
0,0,11401
0,0,11657
1,1,13922
1,1,14179
1,1,14435
1,1,14686
0,0,16942
0,0,17193
3,3,19465
3,3,19717
3,3,19975
3,3,20225
3,3,20479
3,3,20731
3,3,20994
3,3,21246
0,3,23289
0,3,23551
0,3,23805
0,3,24057
0,3,24308
0,3,24565
0,3,24973
0,3,25224
0,3,25482
0,3,25733
0,3,25984
0,3,26241
0,3,26494
0,3,26748
0,3,27000
0,3,27253
0,3,27509
0,3,27762
0,3,28012
0,3,28264
1,3,30309
1,3,30561
1,3,30814
1,3,31065
1,3,31319
1,3,31579
1,3,31834
1,3,32087
1,3,32341
1,1,32594
1,1,32847
1,1,33106
1,1,33358
0,0,35412
0,0,35665
0,0,35920
1,0,37950
1,1,2167
1,1,2423
1,1,2679
1,1,2931
0,0,5195
0,0,5450
2,2,7721
2,2,7980
2,2,8238
2,2,8494
2,2,8745
2,2,8998
2,2,9254
2,2,9506
0,0,11550
0,0,11802
1,1,14079
1,1,14335
1,1,14586
1,1,14843
0,0,17106
0,0,17361
3,3,19627
3,3,19882
3,3,20133
3,3,20389
3,3,20641
3,3,20893
3,3,21146
3,3,21401
0,1,23445
0,1,23697
0,1,23953
0,1,24205
0,1,24462
0,1,24712
0,1,24964
0,1,25217
0,1,25473
0,1,25729
0,1,25982
0,1,26240
0,1,26493
0,1,26750
0,1,27000
0,0,27253
0,0,27506
1,0,29709
1,0,29963
1,1,2060
1,1,2311
1,1,2563
1,1,2820
0,0,5083
0,0,5337
2,2,7610
2,2,7866
2,2,8122
2,2,8379
2,2,8629
2,2,8886
2,2,9138
2,2,9389
0,0,11421
0,0,11677
1,1,13943
1,1,14194
1,1,14450
1,1,14703
0,0,16969
0,0,17222
3,3,19506
3,3,19761
3,3,20018
3,3,20271
3,3,20521
3,3,20777
3,3,21037
3,3,21290
0,0,23330
0,0,23588
1,1,25850
1,1,26101
1,1,26355
1,1,26605
0,0,28877
0,0,29133
2,2,31394
2,2,31646
2,2,31897
2,2,32153
2,2,32409
2,2,32660
2,2,32914
2,2,33170
0,0,35216
0,0,35469
1,1,37737
1,1,37990
1,1,38246
1,1,38505
1,1,2158
1,1,2411
1,1,2663
1,1,2924
0,0,5175
0,0,5430
2,2,7702
2,2,7954
2,2,8207
2,2,8458
2,2,8710
2,2,8963
2,2,9218
2,2,9474
0,0,11555
0,0,11805
1,1,14066
1,1,14318
1,1,14573
1,1,14826
0,0,17087
0,0,17341
3,3,19610
3,3,19866
3,3,20119
3,3,20373
3,3,20627
3,3,20878
3,3,21134
3,3,21390
0,0,23429
0,0,23685
1,1,25950
1,1,26202
1,1,26454
1,1,26713
0,0,28972
0,0,29225
2,2,31493
2,2,31746
2,2,32002
2,2,32254
2,2,32509
2,2,32765
2,2,33018
2,2,33273
0,0,35313
0,0,35570
1,1,37840
1,1,38094
1,1,38345
1,1,38603
0,0,40865
0,0,41121
3,3,43385
3,3,43641
3,3,43897
3,3,44154
3,3,44406
3,3,44657
3,3,44912
3,3,45170
0,0,47205
0,0,47462
1,0,49730
1,0,49981
1,0,50236
1,0,50490
1,0,50743
1,1,2031
1,1,2282
1,1,2540
1,1,2795
0,0,5050
0,0,5302
2,2,7587
2,2,7842
2,2,8098
2,2,8354
2,2,8609
2,2,8867
2,2,9122
2,2,9380
0,0,11405
0,0,11663
1,1,13936
1,1,14200
1,1,14451
1,1,14704
0,0,16953
0,0,17207
3,3,19478
3,3,19731
3,3,19982
3,3,20238
3,3,20495
3,3,20750
3,3,21003
3,3,21260
0,0,23313
0,0,23570
1,1,25842
1,1,26095
1,1,26347
1,1,26599
0,0,28858
0,0,29113
2,2,31404
2,2,31658
2,2,31910
2,2,32166
2,2,32423
2,2,32673
2,2,32925
2,2,33178
0,0,35229
0,0,35487
1,1,37759
1,1,38011
1,1,38266
1,1,38518
0,0,40789
0,0,41041
3,3,43309
3,3,43561
3,3,43819
3,3,44073
3,3,44325
3,3,44578
3,3,44830
3,3,45081
0,0,47137
0,0,47393
1,1,49666
1,1,49918
1,1,50175
1,1,50425
0,0,52696
0,0,52953
3,3,55222
3,3,55475
3,3,55729
3,3,55981
3,3,56238
3,3,56493
3,3,56745
3,3,57002
0,0,59045
0,0,59297
1,0,61578
1,0,61834
1,0,62091
1,0,62345
1,0,62601
1,0,62854
1,0,63106
1,0,63361
1,0,63617
1,0,63873
1,0,64125
1,0,64389
1,0,64646
1,1,2070
1,1,2325
1,1,2581
1,1,2855
0,0,5088
0,0,5345
2,2,7621
2,2,7876
2,2,8131
2,2,8388
2,2,8639
2,2,8891
2,2,9145
2,2,9396
0,0,11445
0,0,11699
1,1,13973
1,1,14225
1,1,14476
1,1,14733
0,0,17000
0,0,17256
3,3,19528
3,3,19783
3,3,20039
3,3,20296
3,3,20547
3,3,20804
3,3,21074
3,3,21327
0,0,23356
0,0,23607
1,0,25871
1,0,26128
1,1,26385
1,1,26636
1,1,26891
0,0,29158
0,0,29410
2,2,31687
2,2,31938
2,2,32195
2,2,32447
2,2,32702
2,2,32960
2,2,33214
2,2,33471
0,0,35503
0,0,35759
1,0,38024
1,0,38276
1,0,38527
1,1,38781
1,1,39036
1,1,39291
1,1,39543
0,0,41646
0,0,41898
3,3,44178
3,3,44434
3,3,44691
3,3,44943
3,3,45194
3,3,45447
3,3,45702
3,3,45954
0,0,47993
0,0,48246
1,1,50518
1,1,50771
1,1,51029
1,1,51283
0,0,53542
0,0,53798
3,3,56070
3,3,56322
3,3,56575
3,3,56827
3,3,57082
3,3,57339
3,3,57593
3,3,57845
0,0,59894
0,0,60149
1,1,62418
1,1,62674
1,1,62928
1,1,63183
0,0,65433
0,0,65685
1,1,67958
1,1,68211
1,1,68467
1,1,68718
0,1,70977
0,1,71233
0,1,71493
0,1,71745
0,1,72001
0,1,72254
0,1,72509
0,1,72765
0,1,73017
0,1,73269
0,0,73526
3,3,75797
3,3,76051
3,3,76305
3,3,76561
3,3,76814
3,3,77066
3,3,77317
3,3,77570
0,0,79617
0,0,79868
1,0,82149
1,0,82403
1,0,82657
1,0,416
1,0,668
1,0,923
1,1,1178
1,1,1436
1,1,1687
1,1,1939
0,1,2146
0,1,2397
0,0,2648
0,0,2903
2,0,3175
2,0,3427
2,2,3679
2,2,3934
2,2,4186
2,2,4439
2,2,4690
2,2,4942
2,0,5202
2,0,5459
2,0,5711
2,0,5966
0,2,6103
0,2,6358
0,0,6609
0,0,6873
1,0,6974
1,0,7227
1,1,7480
1,1,7735
1,1,7986
1,1,8240
0,1,8398
0,1,8649
0,0,8907
0,0,9158
3,0,9239
3,0,9494
3,3,9750
3,3,10007
3,3,10258
3,3,10510
3,3,10763
3,3,11022
3,3,11273
0,3,11329
0,3,11586
0,0,11842
0,0,12098
1,0,12184
1,0,12438
1,1,12694
1,1,12947
1,1,13198
1,1,13450
0,1,13643
0,1,13897
0,0,14150
0,0,14402
2,0,14451
2,2,14710
2,2,14961
2,2,15214
2,2,15466
2,2,15719
2,2,15970
2,2,16226
2,2,16479
0,2,16530
0,0,16785
0,0,17037
1,0,17291
1,0,17546
1,1,17798
1,1,18056
1,1,18306
1,1,18558
0,1,18686
0,1,18937
0,0,19193
0,0,19450
3,0,19534
3,3,19790
3,3,20043
3,3,20293
3,3,20545
3,3,20808
3,3,21066
3,3,21318
0,3,21582
0,0,21833
0,0,22085
1,0,22194
1,0,22451
1,1,22701
1,1,22954
1,1,23207
1,1,23458
0,1,23661
0,0,23921
0,0,24173
3,0,24449
3,3,24705
3,3,24962
3,3,25218
3,3,25474
3,3,25729
3,3,25986
3,3,26238
0,3,26509
0,0,26766
0,0,27022
1,0,27141
1,0,27399
1,1,27655
1,1,27906
1,1,28163
1,1,28414
0,1,28614
0,1,28864
0,0,29117
0,0,29374
1,0,29535
1,0,29789
1,1,30043
1,1,30298
1,1,30549
1,1,30803
0,1,30933
0,1,31184
0,0,31441
0,0,31693
3,0,31909
3,0,32165
3,0,32418
3,0,32669
3,3,32925
3,3,33182
3,3,33433
3,3,33690
3,3,33947
3,3,34199
3,3,34449
0,3,34545
0,3,34801
0,0,35057
0,0,35312
1,0,35389
1,0,35643
1,0,35920
1,0,36174
1,0,36425
1,0,36681
1,0,36937
1,0,37194
1,0,37450
1,0,37705
1,0,37957
1,0,379
1,0,633
1,0,884
1,1,1157
1,1,1409
1,1,1664
1,1,1916
0,1,2180
0,1,2432
0,0,2686
0,0,2940
2,0,3061
2,0,3311
2,2,3563
2,2,3821
2,2,4075
2,2,4332
2,2,4584
2,2,4836
2,0,5087
2,0,5344
2,2,5595
0,2,5646
0,0,5904
0,0,6156
1,0,6423
1,0,6681
1,1,6936
1,1,7187
1,1,7440
1,1,7708
0,1,7867
0,1,8118
0,0,8376
0,0,8631
3,0,8696
3,0,8947
3,3,9200
3,3,9452
3,3,9703
3,3,9956
3,3,10207
3,3,10464
3,3,10715
0,3,10887
0,0,11139
0,0,11395
1,0,11647
1,0,11904
1,1,12157
1,1,12417
1,1,12671
1,1,12924
0,1,13111
0,1,13362
0,0,13620
0,0,13871
2,0,13952
2,0,14208
2,2,14462
2,2,14715
2,2,14967
2,2,15219
2,2,15476
2,2,15727
2,2,15979
0,2,16127
0,0,16379
0,0,16631
1,0,16912
1,0,17168
1,1,17420
1,1,17671
1,1,17927
1,1,18183
0,1,18362
0,1,18620
0,0,18870
0,0,19127
3,0,19199
3,0,19455
3,3,19711
3,3,19967
3,3,20217
3,3,20470
3,3,20724
3,3,20976
3,3,21232
0,3,21326
0,3,21578
0,0,21831
0,0,22083
1,0,22116
1,0,22371
1,1,22623
1,1,22876
1,1,23131
1,1,23384
0,1,23534
0,1,23786
0,0,24038
0,0,24294
3,0,24347
3,0,24604
3,3,24855
3,3,25107
3,3,25359
3,3,25610
3,3,25868
3,3,26119
3,3,26371
0,3,26430
0,0,26682
0,0,26939
1,0,27211
1,0,27464
1,1,27715
1,1,27968
1,1,28224
1,1,28475
0,1,28722
0,1,28975
0,1,29225
0,0,29482
0,0,29739
1,0,29784
1,0,30040
1,1,30295
1,1,30548
1,1,30803
1,1,31055
0,1,31222
0,1,31479
0,0,31730
0,0,31982
3,0,32239
3,0,32495
3,3,32746
3,3,32998
3,3,33250
3,3,33503
3,3,33760
3,3,34010
3,3,34267
0,3,34426
0,3,34677
0,3,34929
0,0,35187
1,0,35462
1,0,35719
1,0,35972
1,0,36222
1,0,36479
1,0,36736
1,0,36986
1,0,37239
1,0,37493
1,0,37746
1,0,37999
1,0,38256
1,0,38506
1,0,38759
1,0,39016
1,0,39274
1,0,39526
1,0,39786
1,0,40039
1,0,40291
0,0,40498
0,0,40755
1,0,361
1,0,612
1,1,866
1,1,1118
1,1,1375
1,1,1631
0,1,1825
0,1,2077
0,0,2329
0,0,2581
2,0,2633
2,0,2887
2,2,3142
2,2,3398
2,2,3649
2,2,3905
2,2,4157
2,2,4410
2,2,4662
0,2,4873
0,0,5125
0,0,5382
1,0,5634
1,0,5890
1,0,6145
1,1,6402
1,1,6658
1,1,6911
1,1,7162
0,1,7204
0,1,7457
0,0,7714
0,0,7966
3,0,8085
3,0,8337
3,3,8594
3,3,8845
3,3,9098
3,3,9363
3,3,9623
3,3,9881
3,3,10134
0,3,10284
0,3,10550
0,0,10807
0,0,11058
1,0,11110
1,0,11366
1,1,11623
1,1,11878
1,1,12134
1,1,12391
0,1,12542
0,1,12792
0,0,13044
0,0,13302
2,0,13346
2,0,13602
2,2,13854
2,2,14110
2,2,14361
2,2,14617
2,2,14870
2,2,15122
2,2,15377
0,2,15461
0,2,15713
0,0,15968
0,0,16224
1,0,16266
1,0,16523
1,1,16781
1,1,17039
1,1,17295
1,1,17554
0,1,17609
0,1,17862
0,0,18112
0,0,18372
3,0,18437
3,0,18699
3,3,18953
3,3,19205
3,3,19459
3,3,19713
3,3,19969
3,3,20226
3,3,20481
0,3,20532
0,0,20784
0,0,21041
1,0,21313
1,0,21564
1,1,21819
1,1,22073
1,1,22325
1,1,22577
0,1,22781
0,1,23039
0,0,23297
0,0,23549
3,0,23589
3,3,23845
3,3,24102
3,3,24356
3,3,24609
3,3,24865
3,3,25117
3,3,25369
3,3,25622
0,3,25657
0,3,25909
0,0,26164
0,0,26416
1,0,26543
1,0,26801
1,1,27053
1,1,27310
1,1,27562
1,1,27813
0,1,27885
0,1,28136
0,0,28393
0,0,28648
1,0,28757
1,0,29014
1,1,29265
1,1,29517
1,1,29770
1,1,30021
0,1,30157
0,1,30409
0,1,30660
0,1,30912
0,1,31169
0,1,31428
0,0,31684
0,0,31941
3,0,32177
3,0,32433
3,0,32685
3,3,32936
3,3,33193
3,3,33444
3,3,33697
3,3,33949
3,3,34201
3,3,34452
0,3,34621
0,3,34871
0,0,35124
0,0,35377
1,0,35446
1,0,35697
1,0,35949
1,0,36206
1,0,36458
1,0,36709
1,0,36962
1,0,37217
1,0,553
1,0,806
1,0,1062
1,0,1315
1,0,459
1,1,718
1,1,972
1,1,1225
1,1,1479
0,1,1771
0,0,2023
0,0,2284
2,0,2525
2,0,2775
2,2,3032
2,2,3287
2,2,3539
2,2,3794
2,2,4052
2,2,4310
2,2,4567
0,2,4643
0,0,4895
0,0,5152
1,0,5392
1,0,5644
1,1,5897
1,1,6152
1,1,6409
1,1,6665
0,1,6738
0,1,6991
0,0,7247
0,0,7504
3,0,7581
3,3,7831
3,3,8087
3,3,8346
3,3,8596
3,3,8847
3,3,9101
3,3,9352
3,3,9608
0,3,9659
0,0,9916
0,0,10167
1,0,10396
1,0,10653
1,1,10908
1,1,11160
1,1,11417
1,1,11668
0,1,11759
0,0,12011
0,0,12264
2,0,12472
2,2,12723
2,2,12976
2,2,13227
2,2,13479
2,2,13736
2,2,13988
2,2,14239
2,2,14491
0,2,14536
0,0,14788
0,0,15044
1,0,15330
1,1,15586
1,1,15840
1,1,16093
1,1,16348
0,1,16607
0,0,16861
0,0,17114
3,0,17399
3,3,17652
3,3,17904
3,3,18160
3,3,18427
3,3,18680
3,3,18931
3,3,19183
0,3,19455
0,0,19706
0,0,19959
1,0,20257
1,0,20511
1,1,20763
1,1,21020
1,1,21275
1,1,21529
0,1,21564
0,0,21818
0,0,22070
3,0,22280
3,3,22536
3,3,22791
3,3,23043
3,3,23300
3,3,23552
3,3,23803
3,3,24060
3,3,24314
0,3,24354
0,3,24607
0,3,24860
0,0,25115
0,0,25370
1,0,25631
1,1,25888
1,1,26144
1,1,26396
1,1,26648
0,1,26911
0,1,27162
0,0,27414
0,0,27667
1,0,27736
1,0,27992
1,1,28244
1,1,28495
1,1,28748
1,1,29005
0,1,29088
0,1,29342
0,0,29598
0,0,29855
3,0,29948
3,0,30205
3,3,30460
3,3,30718
3,3,30975
3,3,31231
3,3,31483
3,3,31734
3,3,31987
0,3,32143
0,0,32398
0,0,32651
1,0,32892
1,0,33143
1,0,33395
1,1,33652
1,1,33923
1,1,34175
0,1,34443
0,1,34694
0,1,34946
0,1,35203
0,1,35454
1,0,386
1,0,639
1,1,893
1,1,1149
1,1,1404
1,1,1660
0,1,1783
0,0,2034
0,0,2287
2,0,2551
2,0,2807
2,2,3063
2,2,3319
2,2,3575
2,2,3828
2,2,4084
2,2,4335
2,2,4587
0,2,4675
0,2,4926
0,0,5182
0,0,5439
1,0,5529
1,0,5780
1,1,6035
1,1,6288
1,1,6543
1,1,6800
0,1,6902
0,1,7159
0,0,7411
0,0,7662
3,0,7791
3,0,8047
3,3,8302
3,3,8555
3,3,8808
3,3,9058
3,3,9311
3,3,9563
3,3,9819
0,3,9922
0,3,10179
0,0,10435
0,0,10686
1,0,10744
1,0,11000
1,1,11252
1,1,11507
1,1,11764
1,1,12016
0,1,12082
0,0,12339
0,0,12591
2,0,12858
2,0,13110
2,2,13367
2,2,13618
2,2,13870
2,2,14123
2,2,14375
2,2,14630
2,2,14891
0,2,15035
0,2,15286
0,0,15542
0,0,15798
1,0,15831
1,0,16083
1,1,16344
1,1,16599
1,1,16851
1,1,17103
0,1,17139
0,0,17390
0,0,17646
3,0,17912
3,3,18165
3,3,18422
3,3,18679
3,3,18934
3,3,19186
3,3,19439
3,3,19695
3,3,19947
0,3,19990
0,0,20247
0,0,20498
1,0,20767
1,0,21022
1,1,21280
1,1,21531
1,1,21783
1,1,22038
0,1,22085
0,0,22338
0,0,22591
3,0,22843
3,0,23098
3,3,23355
3,3,23606
3,3,23863
3,3,24119
3,3,24374
3,3,24631
3,3,24883
0,3,24943
0,0,25194
0,0,25445
1,0,25631
1,0,25883
1,1,26138
1,1,26396
1,1,26650
1,1,26903
0,1,26974
0,0,27226
0,0,27478
1,0,27670
1,1,27924
1,1,28178
1,1,28431
1,1,28683
0,1,28934
0,0,29190
0,0,29443
3,0,29722
3,3,29990
3,3,30243
3,3,30498
3,3,30759
3,3,31014
3,3,31267
3,3,31528
0,3,31794
0,0,32046
0,0,32298
1,0,32571
1,0,32826
1,1,33084
1,1,33338
1,1,33590
1,1,33847
0,1,33989
0,1,34245
0,0,34506
0,0,34758
2,0,34838
2,0,35090
2,0,35346
2,2,35598
2,2,35851
2,2,36103
2,2,36359
2,2,36614
2,2,36871
2,2,37125
0,2,37181
0,0,37438
0,0,37694
1,0,37955
1,0,38210
1,0,38467
1,0,38718
1,0,38971
1,0,39227
1,0,39482
1,0,39734
1,0,39987
1,0,40238
1,0,40494
1,0,40751
1,0,351
1,0,608
1,1,864
1,1,1119
1,1,1378
1,1,1635
0,1,1819
0,0,2075
0,0,2330
2,0,2583
2,0,2835
2,2,3086
2,2,3338
2,2,3599
2,2,3851
2,2,4107
2,2,4358
2,2,4612
0,2,4742
0,0,4999
0,0,5251
1,0,5531
1,0,5782
1,1,6035
1,1,6288
1,1,6543
1,1,6799
0,1,7019
0,0,7274
0,0,7526
3,0,7748
3,0,7998
3,3,8254
3,3,8512
3,3,8763
3,3,9015
3,3,9272
3,3,9522
3,3,9775
0,3,9918
0,3,10170
0,0,10425
0,0,10678
1,0,10768
1,0,11019
1,1,11271
1,1,11523
1,1,11775
1,1,12027
0,1,12091
0,0,12342
0,0,12594
2,0,12822
2,2,13076
2,2,13330
2,2,13582
2,2,13839
2,2,14094
2,2,14347
2,2,14603
0,0,14878
0,0,15134
1,0,15411
1,0,15663
1,1,15919
1,1,16172
1,1,16427
1,1,16688
0,1,16782
0,0,17034
0,0,17290
3,0,17551
3,3,17803
3,3,18054
3,3,18307
3,3,18559
3,3,18810
3,3,19062
3,3,19318
0,3,19565
0,0,19822
0,0,20074
1,0,20282
1,0,20539
1,1,20792
1,1,21046
1,1,21299
1,1,21550
0,1,21585
0,0,21837
0,0,22091
3,0,22231
3,3,22482
3,3,22738
3,3,22991
3,3,23246
3,3,23502
3,3,23755
3,3,24006
3,3,24258
0,3,24298
0,0,24550
0,0,24801
1,0,25046
1,0,25300
1,1,25559
1,1,25810
1,1,26062
1,1,26318
0,1,26365
0,0,26621
0,0,26878
1,0,27122
1,1,27378
1,1,27636
1,1,27888
1,1,28139
0,1,28381
0,0,28634
0,0,28890
3,0,29145
3,0,29398
3,3,29649
3,3,29902
3,3,30163
3,3,30419
3,3,30670
3,3,30925
3,3,31182
0,3,31278
0,0,31529
0,0,31781
1,0,32024
1,0,32274
1,1,32526
1,1,32779
1,1,33030
1,1,33286
0,1,33470
0,0,33725
0,0,33978
2,0,34194
2,2,34444
2,2,34702
2,2,34958
2,2,35209
2,2,35466
2,2,35719
2,2,35974
2,2,36225
0,2,36273
0,0,36526
0,0,36777
1,0,37045
1,0,37303
1,1,37558
1,1,37810
1,1,38063
1,1,38314
0,1,38465
0,1,38717
0,0,38973
3,0,39254
3,3,39509
3,3,39765
3,3,40022
3,3,40278
3,3,40530
3,3,40781
3,3,41034
3,3,41290
0,3,41338
0,0,41589
0,0,41846
1,0,42091
1,0,42342
1,0,42593
1,0,42846
1,0,43101
1,0,43354
1,0,43611
1,0,43862
1,0,44114
1,0,44379
1,0,477
1,0,434
1,0,684
1,1,936
1,1,1188
1,1,1449
1,1,1700
0,1,1844
0,1,2096
0,0,2351
0,0,2604
2,0,2704
2,0,2960
2,0,3215
2,0,3467
2,2,3720
2,2,3975
2,2,4228
2,2,4484
2,2,4739
2,2,4996
2,2,5274
0,2,5451
0,2,5702
0,0,5960
0,0,6216
1,0,6412
1,0,6664
1,0,6921
1,0,7171
1,0,7423
1,0,7676
1,1,7928
1,1,8193
1,1,8453
1,1,8704
0,1,8735
0,1,8986
0,1,9239
0,1,9490
0,1,9751
0,1,10012
0,1,10263
0,1,10514
0,1,10767
0,1,11023
0,1,11274
0,1,11527
0,1,11780
0,1,12030
0,1,12287
0,0,12538
0,0,12791
3,0,12847
3,0,13102
3,0,13354
3,0,13607
3,0,13864
3,0,14116
3,0,14367
3,0,14619
3,0,14871
3,0,15127
3,0,15384
3,0,15634
3,0,15888
3,3,16144
3,3,16395
3,3,16651
3,3,16916
3,3,17170
3,3,17424
3,3,17676
0,3,17791
0,3,18046
0,3,18298
0,3,18555
0,0,18810
0,0,19063
1,0,19119
1,0,19372
1,0,19628
1,0,19879
1,1,20131
1,1,20387
1,1,20639
1,1,20896
0,1,20983
0,1,21239
0,0,21494
0,0,21751
2,0,21930
2,0,22182
2,0,22433
2,2,22684
2,2,22939
2,2,23198
2,2,23450
2,2,23703
2,2,23960
2,2,24211
2,2,24462
0,2,24494
0,2,24751
0,0,25002
0,0,25263
1,0,25343
1,0,25596
1,0,25851
1,0,26103
1,0,26355
1,0,26608
1,0,26859
1,1,27116
1,1,27375
1,1,27626
0,1,27903
0,1,28158
0,1,28409
0,0,28662
0,0,28913
3,0,28990
3,0,29249
3,0,29504
3,0,29758
3,0,30011
3,0,30263
3,3,30519
3,3,30770
3,3,31023
3,3,31279
3,3,31530
3,3,31786
3,3,32039
0,3,32286
0,3,32543
0,3,32797
0,3,33049
0,3,33301
0,3,33555
0,3,33810
0,3,34066
0,3,34323
0,3,34573
0,3,34825
0,3,35079
0,3,35335
0,3,35589
0,0,35841
0,0,36093
1,0,36283
1,0,36534
1,0,36791
1,0,37043
1,1,37295
1,1,37548
1,1,37799
1,1,38055
0,1,38322
0,1,38573
0,0,38826
0,0,39079
3,0,39249
3,0,39503
3,0,39753
3,0,40004
3,0,40259
3,0,40514
3,0,40771
3,0,41022
3,0,41274
3,0,41531
3,0,41785
3,0,42042
3,0,42295
3,0,42545
3,0,42802
3,0,43059
3,0,43314
3,0,43569
3,0,43826
3,0,44077
0,0,44281
0,0,44538
1,0,44808
1,0,45058
1,0,45310
1,0,45566
1,0,45823
1,0,46080
1,0,46335
1,0,46587
1,0,46838
1,0,47095
1,0,47350
1,1,47602
1,1,47859
1,1,48114
0,1,48381
0,1,48639
0,1,48893
0,1,49150
0,0,49402
0,0,49654
1,0,49782
1,0,50039
1,0,50291
1,0,50542
1,1,50795
1,1,51055
1,1,51310
1,1,51563
0,1,51713
0,1,51969
0,0,52222
0,0,52474
3,0,52531
3,0,52781
3,0,53034
3,3,53291
3,3,53546
3,3,53798
3,3,54054
3,3,54306
3,3,54558
3,3,54811
0,3,55037
0,3,55289
0,0,55546
0,0,55797
1,0,55849
1,0,56103
1,0,56358
1,1,56610
1,1,56863
1,1,57118
0,1,57393
0,1,57646
0,1,57897
0,1,58148
0,1,58402
0,0,58658
0,0,58909
2,0,59018
2,0,59274
2,0,59530
2,0,59781
2,0,60038
2,2,60289
2,2,60543
2,2,60802
2,2,61054
2,2,61305
2,2,61557
2,2,61810
0,2,61909
0,2,62166
0,0,62422
0,0,62673
1,0,62753
1,0,63007
1,0,63261
1,1,63513
1,1,63767
1,1,64018
1,1,64271
0,1,64378
0,1,64632
0,0,64885
0,0,65138
3,0,65234
3,0,65490
3,3,65746
3,3,66002
3,3,66258
3,3,66515
3,3,66769
3,3,67021
3,3,67274
0,3,67413
0,3,67668
0,0,67920
0,0,68173
1,0,68229
1,0,68482
1,1,68735
1,1,68990
1,1,69242
1,1,69494
0,1,69725
0,1,70036
0,1,70293
0,1,70603
0,1,70856
0,1,71113
1,0,433
1,0,689
1,0,941
1,1,1201
1,1,1454
1,1,1705
0,1,2004
0,0,2261
0,0,2513
2,0,2717
2,0,2969
2,2,3221
2,2,3476
2,2,3730
2,2,3980
2,2,4233
2,2,4489
2,2,4742
0,2,4924
0,2,5180
0,0,5432
0,0,5688
1,0,5769
1,0,6022
1,1,6278
1,1,6533
1,1,6790
1,1,7041
0,1,7176
0,1,7429
0,0,7681
0,0,7937
3,0,8052
3,3,8308
3,3,8560
3,3,8813
3,3,9071
3,3,9328
3,3,9581
3,3,9838
0,3,10108
0,0,10360
0,0,10616
1,0,10826
1,0,11077
1,1,11329
1,1,11581
1,1,11838
1,1,12090
0,1,12237
0,0,12492
0,0,12748
2,0,12989
2,0,13244
2,2,13497
2,2,13753
2,2,14004
2,2,14256
2,2,14513
2,2,14769
2,2,15024
0,2,15241
0,2,15495
0,0,15748
1,0,16034
1,0,16285
1,1,16536
1,1,16790
1,1,17044
1,1,17297
0,1,17335
0,1,17592
0,0,17848
0,0,18100
3,0,18165
3,0,18417
3,3,18672
3,3,18924
3,3,19176
3,3,19432
3,3,19685
3,3,19941
3,3,20192
0,3,20251
0,0,20503
0,0,20755
1,0,20976
1,0,21238
1,1,21493
1,1,21744
1,1,22001
1,1,22259
0,1,22371
0,0,22627
0,0,22880
3,0,23017
3,0,23269
3,3,23524
3,3,23777
3,3,24032
3,3,24288
3,3,24545
3,3,24801
3,3,25052
0,3,25207
0,3,25460
0,0,25711
0,0,25963
1,0,26029
1,0,26280
1,1,26532
1,1,26788
1,1,27044
1,1,27296
0,1,27379
0,1,27632
0,0,27883
0,0,28140
1,0,28172
1,1,28427
1,1,28681
1,1,28932
1,1,29189
0,1,29447
0,1,29699
0,0,29949
0,0,30203
3,0,30287
3,0,30539
3,3,30797
3,3,31048
3,3,31299
3,3,31557
3,3,31815
3,3,32072
3,3,32324
0,3,32488
0,0,32739
0,0,32991
1,0,33207
1,0,33464
1,1,33720
1,1,33973
1,1,34225
1,1,34476
0,1,34523
0,1,34775
0,0,35027
0,0,35283
2,0,35347
2,2,35600
2,2,35852
2,2,36104
2,2,36355
2,2,36607
2,2,36860
2,2,37131
0,2,37348
0,2,37598
0,0,37853
0,0,38106
1,0,38155
1,0,38412
1,1,38668
1,1,38925
1,1,39176
1,1,39428
0,1,39530
0,1,39787
0,0,40039
0,0,40296
3,0,40377
3,0,40632
3,0,40887
3,3,41145
3,3,41399
3,3,41656
3,3,41908
3,3,42160
3,3,42415
3,3,42668
0,3,42736
0,0,42986
0,0,43243
1,0,43481
1,0,43736
1,1,43992
1,1,44246
1,1,44500
1,1,44751
0,1,44850
0,1,45101
0,0,45354
0,0,45611
1,0,45724
1,1,45983
1,1,46235
1,1,46487
1,1,46743
0,1,47011
0,1,47262
0,0,47515
0,0,47771
1,0,430
1,0,687
1,0,941
1,0,1199
1,0,1451
1,0,1708
1,1,2035
1,1,2286
1,1,2540
1,1,2791
0,1,3018
0,1,3275
0,0,3530
0,0,3786
2,0,3846
2,0,4098
2,2,4350
2,2,4602
2,2,4860
2,2,5111
2,2,5366
2,2,5618
2,2,5871
0,2,6098
0,2,6359
0,0,6626
0,0,6878
1,0,6959
1,0,7210
1,1,7463
1,1,7715
1,1,7967
1,1,8223
0,1,8342
0,1,8593
0,0,8846
0,0,9101
3,0,9226
3,0,9479
3,3,9731
3,3,9990
3,3,10246
3,3,10502
3,3,10755
3,3,11011
3,3,11271
0,3,11414
0,3,11669
0,0,11928
0,0,12181
1,0,12222
1,0,12479
1,1,12731
1,1,12987
1,1,13238
1,1,13491
0,1,13702
0,0,13954
0,0,14206
2,0,14490
2,0,14743
2,2,14994
2,2,15246
2,2,15498
2,2,15750
2,2,16007
2,2,16258
2,2,16510
0,2,16734
0,2,16986
0,0,17237
0,0,17489
1,0,17600
1,0,17854
1,1,18106
1,1,18360
1,1,18615
1,1,18870
0,1,19081
0,1,19333
0,0,19590
0,0,19852
3,0,19943
3,0,20198
3,3,20449
3,3,20703
3,3,20958
3,3,21221
3,3,21479
3,3,21733
3,3,21986
0,3,22037
0,0,22290
0,0,22541
1,0,22785
1,0,23040
1,1,23292
1,1,23546
1,1,23798
1,1,24049
0,1,24181
0,1,24433
0,0,24686
3,0,24969
3,3,25221
3,3,25478
3,3,25730
3,3,25981
3,3,26234
3,3,26485
3,3,26738
3,3,26994
0,3,27035
0,3,27286
0,0,27537
0,0,27789
1,0,27830
1,0,28085
1,1,28338
1,1,28591
1,1,28852
1,1,29110
0,1,29341
0,1,29594
0,0,29849
0,0,30101
1,0,30368
1,0,30619
1,0,30874
1,1,31131
1,1,31381
1,1,31634
1,1,31891
0,1,32009
0,1,32261
0,0,32513
0,0,32769
3,0,32909
3,3,33161
3,3,33414
3,3,33666
3,3,33917
3,3,34174
3,3,34429
3,3,34685
3,3,34945
0,3,35009
0,3,35265
0,0,35520
0,0,35773
1,0,35847
1,0,36101
1,1,36358
1,1,36611
1,1,36863
1,1,37118
0,1,37173
0,1,37434
0,0,37689
0,0,37941
2,0,38014
2,0,38270
2,2,38522
2,2,38773
2,2,39026
2,2,39280
2,2,39533
2,2,39790
2,2,40041
0,2,40197
0,2,40448
0,0,40701
0,0,40957
1,0,41070
1,0,41324
1,1,41579
1,1,41830
1,1,42081
1,1,42338
0,1,42433
0,1,42684
0,1,42945
0,0,43201
0,0,43453
3,0,43493
3,0,43749
3,0,44002
3,3,44258
3,3,44510
3,3,44766
3,3,45021
3,3,45273
3,3,45530
3,3,45809
0,3,45872
0,3,46124
0,0,46381
0,0,46633
1,0,46713
1,0,46970
1,1,47229
1,1,47481
1,1,47735
1,1,47990
0,1,48090
0,1,48344
0,0,48596
0,0,48849
1,0,48925
1,0,49181
1,1,49434
1,1,49687
1,1,49937
1,1,50189
0,1,50221
0,1,50482
0,0,50737
0,0,50988
1,0,333
1,0,584
1,0,840
1,0,1092
1,0,1355
1,0,1611
1,0,1868
1,0,2125
1,0,2375
1,0,380
1,0,639
1,0,894
1,0,1145
1,0,1398
1,0,1650
1,0,1902
1,0,2154
1,0,2406
1,0,2661
1,0,2915
1,0,3176
1,0,3433
1,0,3685
1,0,3943
1,0,4193
1,0,4446
1,0,4703
1,0,4958
0,0,5121
0,0,5378
2,0,5661
2,0,5917
2,0,6170
2,0,6421
2,0,6677
2,0,6934
2,0,7190
2,0,7442
2,0,7693
2,0,7950
2,0,8201
2,0,8453
2,0,8710
2,0,8961
2,0,9218
2,0,9474
2,0,9729
2,0,9985
2,0,10237
2,0,10489
0,0,10693
0,0,10949
1,0,11229
1,0,11483
1,0,11739
1,0,11998
1,0,12254
1,0,12505
1,0,12757
1,0,13010
1,0,13266
1,0,13517
1,0,13769
1,0,14021
1,0,14274
1,0,14544
1,0,14798
1,0,15049
1,0,15301
1,0,15558
1,0,15809
1,0,16064
0,0,16261
0,0,16513
3,0,16789
3,0,17043
3,0,17294
3,0,17545
3,0,17802
3,0,18053
3,0,18305
3,0,18562
3,0,18813
3,0,19064
3,0,19322
3,0,19574
1,0,328
1,0,585
1,0,837
1,0,1089
1,0,1349
1,0,1606
1,0,1857
1,0,2110
1,1,2370
1,1,2621
1,1,2883
1,1,3134
0,1,3236
0,1,3492
0,0,3746
0,0,3996
2,0,4042
2,0,4297
2,2,4550
2,2,4802
2,2,5052
2,2,5306
2,2,5561
2,2,5813
2,2,6070
0,2,6281
0,2,6539
0,0,6796
0,0,7053
1,0,7189
1,0,7446
1,0,7703
1,1,7953
1,1,8205
1,1,8458
1,1,8709
0,1,8828
0,1,9081
0,0,9337
0,0,9593
3,0,9772
3,0,10025
3,0,10277
3,3,10528
3,3,10781
3,3,11033
3,3,11284
3,3,11541
3,3,11793
3,3,12045
0,3,12208
0,3,12461
0,0,12713
0,0,12964
1,0,13109
1,0,13365
1,0,13616
1,0,13874
1,0,14126
1,0,14381
1,0,14636
1,1,14888
1,1,15141
1,1,15394
1,1,15650
0,1,15860
0,1,16116
0,0,16369
0,0,16620
2,0,16696
2,0,16954
2,2,17205
2,2,17457
2,2,17708
2,2,17961
2,2,18212
2,2,18465
2,2,18717
0,2,18892
0,0,19147
0,0,19405
1,0,19673
1,0,19928
1,0,20182
1,0,20437
1,1,20692
1,1,20944
1,1,21200
1,1,21454
0,1,21637
0,1,21891
0,0,22147
0,0,22404
3,0,22632
3,0,22888
3,3,23143
3,3,23396
3,3,23652
3,3,23909
3,3,24161
3,3,24416
3,3,24669
0,3,24768
0,3,25024
0,0,25275
0,0,25527
1,0,25589
1,0,25840
1,1,26100
1,1,26353
1,1,26604
1,1,26861
0,1,27068
0,0,27320
0,0,27572
3,0,27857
3,0,28113
3,3,28364
3,3,28617
3,3,28868
3,3,29119
3,3,29377
3,3,29645
3,3,29895
0,3,29995
0,3,30251
0,0,30503
0,0,30760
1,0,30857
1,0,31113
1,0,31364
1,0,31616
1,0,31873
1,0,32124
1,0,32376
1,0,32646
1,0,356
1,0,610
1,0,860
1,0,1112
1,0,1365
1,0,1617
1,0,1868
1,1,2124
1,1,2380
1,1,2636
1,1,2889
0,1,3065
0,1,3319
0,0,3571
0,0,3824
2,0,4057
2,0,4312
2,2,4565
2,2,4815
2,2,5072
2,2,5331
2,2,5587
2,2,5840
2,2,6101
0,2,6308
0,2,6559
0,2,6811
0,0,7067
0,0,7324
1,0,7444
1,0,7698
1,0,7956
1,1,8207
1,1,8461
1,1,8715
1,1,8968
0,1,9172
0,1,9424
0,0,9675
0,0,9927
3,0,10161
3,0,10416
3,3,10667
3,3,10924
3,3,11179
3,3,11432
3,3,11688
3,3,11944
3,3,12196
0,3,12367
0,3,12624
0,0,12874
0,0,13128
1,0,13281
1,0,13533
1,1,13787
1,1,14039
1,1,14292
1,1,14544
0,1,14739
0,1,14992
0,1,15247
0,1,15499
0,1,15756
0,0,16007
0,0,16259
2,0,16424
2,0,16680
2,2,16935
2,2,17188
2,2,17443
2,2,17700
2,2,17958
2,2,18212
2,2,18463
0,2,18686
0,2,18942
0,0,19199
0,0,19455
1,0,19509
1,0,19769
1,1,20020
1,1,20271
1,1,20528
1,1,20780
0,1,20871
0,1,21127
0,0,21380
0,0,21631
3,0,21760
3,0,22012
3,3,22267
3,3,22519
3,3,22775
3,3,23028
3,3,23283
3,3,23535
3,3,23787
0,3,23910
0,3,24162
0,0,24420
0,0,24679
1,0,24752
1,0,25007
1,1,25260
1,1,25511
1,1,25763
1,1,26016
0,1,26259
0,1,26510
0,0,26767
0,0,27018
3,0,27239
3,0,27496
3,0,27751
3,3,28004
3,3,28260
3,3,28515
3,3,28767
3,3,29024
3,3,29275
3,3,29526
0,3,29627
0,3,29878
0,3,30130
0,0,30383
0,0,30635
1,0,30791
1,0,31047
1,0,31305
1,0,31559
1,0,31811
1,1,32068
1,1,32320
1,1,32571
0,1,32846
0,1,33099
0,0,33350
0,0,33603
1,0,33745
1,0,34000
1,1,34251
1,1,34505
1,1,34759
1,1,35011
0,1,35066
0,1,35323
0,0,35574
0,0,35830
3,0,35955
3,0,36210
3,3,36471
3,3,36742
3,3,36999
3,3,37254
3,3,37506
3,3,37759
3,3,38011
0,3,38120
0,3,38371
0,0,38622
0,0,38879
1,0,38984
1,0,39235
1,0,39486
1,1,39745
1,1,40002
1,1,40259
1,1,40519
0,1,40579
0,1,40829
0,0,41082
0,0,41339
2,0,41447
2,0,41698
2,2,41950
2,2,42207
2,2,42458
2,2,42714
2,2,42967
2,2,43224
2,2,43475
2,2,43730
0,2,43767
0,2,44018
0,0,44270
0,0,44524
1,0,44744
1,0,44999
1,1,45250
1,1,45509
1,1,45763
1,1,46014
0,1,46151
0,1,46406
0,0,46662
0,0,46914
3,0,47031
3,0,47282
3,3,47538
3,3,47795
3,3,48051
3,3,48306
3,3,48558
3,3,48819
3,3,49071
0,3,49113
0,3,49370
0,1,49629
0,0,49882
0,0,50133
1,0,50400
1,0,50660
1,1,50914
1,1,51166
1,1,51419
1,1,51674
0,1,51899
0,1,52154
0,0,52405
0,0,52658
1,0,52888
1,0,53143
1,0,53399
1,1,53655
1,1,53906
1,1,54162
0,1,54438
0,1,54694
0,0,54949
0,0,55202
1,0,301
1,0,559
1,1,838
1,1,1089
1,1,1344
1,1,1594
0,1,1821
0,1,2078
0,0,2334
0,0,2585
2,0,2709
2,0,2966
2,2,3222
2,2,3479
2,2,3731
2,2,3995
2,2,4246
2,2,4498
2,2,4749
0,2,4917
0,2,5174
0,2,5425
0,2,5677
0,2,5933
0,2,6189
0,2,6446
0,2,6703
0,2,6957
0,2,7209
0,2,7465
0,2,7717
0,2,7971
0,2,8226
0,2,8481
1,0,290
1,0,547
1,0,800
1,1,1052
1,1,1309
1,1,1564
1,1,1828
0,1,2014
0,1,2266
0,0,2523
0,0,2775
2,0,2983
2,0,3242
2,2,3495
2,2,3752
2,2,4004
2,2,4256
2,2,4507
2,2,4764
2,2,5015
2,2,5267
0,2,5306
0,2,5559
0,2,5815
0,0,6071
0,0,6323
1,0,6365
1,0,6615
1,0,6869
1,1,7125
1,1,7379
1,1,7631
1,1,7893
0,1,8006
0,1,8263
0,1,8514
0,1,8770
0,1,9022
0,1,9279
0,0,9530
0,0,9782
3,0,9895
3,0,10152
3,3,10403
3,3,10654
3,3,10908
3,3,11159
3,3,11414
3,3,11672
3,3,11927
0,3,12203
0,3,12458
0,0,12718
0,0,12971
1,0,13246
1,0,13500
1,1,13751
1,1,14004
1,1,14259
1,1,14511
0,1,14666
0,1,14919
0,0,15170
0,0,15422
2,0,15664
2,0,15919
2,2,16171
2,2,16428
2,2,16684
2,2,16935
2,2,17187
2,2,17442
2,2,17699
0,2,17798
0,2,18051
0,2,18302
0,0,18558
0,0,18811
1,0,18875
1,0,19127
1,0,19379
1,1,19632
1,1,19891
1,1,20143
0,1,20418
0,1,20674
0,0,20927
0,0,21183
3,0,21311
3,0,21562
3,3,21815
3,3,22066
3,3,22319
3,3,22571
3,3,22827
3,3,23078
3,3,23335
0,3,23475
0,0,23730
0,0,23981
1,0,24195
1,0,24451
1,1,24707
1,1,24960
1,1,25211
1,1,25464
0,1,25683
0,1,25933
0,0,26186
0,0,26438
3,0,26582
3,0,26834
3,3,27091
3,3,27343
3,3,27598
3,3,27854
3,3,28106
3,3,28358
3,3,28611
0,3,28759
0,3,29013
0,0,29269
0,0,29527
1,0,29782
1,0,30034
1,0,30292
1,1,30551
1,1,30804
1,1,31058
1,1,31311
0,1,31441
0,1,31694
0,0,31950
0,0,32202
1,0,32352
1,0,32603
1,1,32854
1,1,33112
1,1,33364
1,1,33618
0,1,33798
0,1,34053
0,0,34306
0,0,34559
3,0,34649
3,0,34907
3,3,35157
3,3,35410
3,3,35662
3,3,35914
3,3,36164
3,3,36423
3,3,36674
0,3,36817
0,3,37070
0,0,37322
0,0,37574
1,0,37790
1,0,38047
1,1,38303
1,1,38560
1,1,38814
1,1,39066
0,1,39133
0,1,39386
0,0,39642
0,0,39893
2,0,40003
2,0,40262
2,2,40513
2,2,40767
2,2,41022
2,2,41274
2,2,41526
2,2,41778
2,2,42030
0,2,42181
0,2,42434
0,0,42685
0,0,42938
1,0,43171
1,0,43426
1,1,43678
1,1,43931
1,1,44187
1,1,44442
0,1,44637
0,1,44893
0,0,45150
0,0,45401
3,0,45595
3,3,45846
3,3,46098
3,3,46350
3,3,46601
3,3,46853
3,3,47111
3,3,47362
3,3,47613
0,3,47697
0,3,47950
0,0,48205
0,0,48457
1,0,48562
1,0,48815
1,1,49070
1,1,49323
1,1,49574
1,1,49826
0,1,49913
0,1,50172
0,0,50425
0,0,50677
1,0,50786
1,1,51040
1,1,51298
1,1,51550
1,1,51806
0,1,52061
0,1,52313
0,0,52565
0,0,52822
1,0,306
1,0,561
1,0,812
1,0,1072
1,0,1324
1,0,241
1,0,496
1,0,747
1,0,999
1,0,1260
1,0,1511
1,0,1763
1,0,2016
1,0,2267
1,0,2523
1,0,2776
1,0,3027
1,0,3279
1,0,3537
1,0,3788
1,0,4039
1,0,4291
1,0,4547
1,0,4798
1,0,5052
0,0,5164
0,0,5418
2,0,5690
2,0,5941
1,0,358
1,0,609
1,1,865
1,1,1118
1,1,1372
1,1,1625
0,1,1781
0,1,2037
0,0,2292
2,0,2582
2,0,2833
2,2,3088
2,2,3352
2,2,3606
2,2,3857
2,2,4112
2,2,4366
2,2,4616
0,2,4732
0,2,4984
0,0,5236
0,0,5488
1,0,5549
1,0,5811
1,1,6065
1,1,6326
1,1,6578
1,1,6833
0,1,6980
0,1,7237
0,0,7492
3,0,7772
3,0,8031
3,3,8286
3,3,8537
3,3,8789
3,3,9041
3,3,9293
3,3,9546
3,3,9801
0,3,9892
0,3,10145
0,0,10401
0,0,10656
1,0,10776
1,0,11030
1,1,11288
1,1,11545
1,1,11797
1,1,12054
0,1,12109
0,1,12360
0,0,12612
0,0,12864
2,0,12937
2,0,13188
2,2,13447
2,2,13703
2,2,13961
2,2,14213
2,2,14465
2,2,14720
2,2,14972
0,2,15037
0,0,15293
0,0,15544
1,0,15740
1,0,15997
1,1,16248
1,1,16510
1,1,16762
1,1,17012
0,1,17083
0,1,17336
0,0,17596
0,0,17848
3,0,17952
3,0,18205
3,3,18460
3,3,18712
3,3,18966
3,3,19225
3,3,19480
3,3,19737
3,3,19989
0,3,20064
0,3,20315
0,0,20568
0,0,20819
1,0,20877
1,0,21132
1,1,21386
1,1,21637
1,1,21893
1,1,22145
0,1,22332
0,1,22587
0,0,22840
0,0,23092
3,0,23288
3,0,23540
3,3,23797
3,3,24048
3,3,24300
3,3,24554
3,3,24808
3,3,25060
3,3,25312
0,3,25508
0,3,25760
0,0,26011
0,0,26268
1,0,26432
1,0,26688
1,1,26941
1,1,27197
1,1,27448
1,1,27700
0,1,27787
0,1,28044
0,0,28300
0,0,28552
1,0,28630
1,0,28881
1,1,29140
1,1,29393
1,1,29644
1,1,29896
0,1,29951
0,1,30204
0,0,30460
0,0,30711
3,0,30752
3,0,31009
3,3,31263
3,3,31516
3,3,31768
3,3,32021
3,3,32279
3,3,32536
3,3,32787
0,3,32854
0,3,33107
0,0,33360
1,0,33645
1,0,33900
1,1,34152
1,1,34408
1,1,34660
1,1,34913
0,1,35020
0,1,35271
0,0,35527
0,0,35780
2,0,35825
2,0,36080
2,2,36331
2,2,36585
2,2,36840
2,2,37096
2,2,37349
2,2,37604
2,2,37860
0,2,37964
0,2,38217
0,0,38468
0,0,38719
1,0,38785
1,0,39037
1,1,39293
1,1,39549
1,1,39805
1,1,40056
0,1,40164
0,0,40416
0,0,40667
3,0,40877
3,3,41132
3,3,41383
3,3,41636
3,3,41888
3,3,42144
3,3,42395
3,3,42667
0,3,42884
0,0,43139
0,0,43395
1,0,43427
1,1,43689
1,1,43940
1,1,44192
1,1,44444
0,1,44688
0,0,44943
0,0,45194
1,0,45385
1,1,45640
1,1,45893
1,1,46148
1,1,46404
0,1,46519
0,1,46772
0,0,47023
0,0,47279
1,0,343
1,1,662
1,1,917
1,1,1169
1,1,1423
0,1,1632
0,1,1885
0,0,2137
0,0,2392
2,0,2428
2,0,2685
2,2,2946
2,2,3200
2,2,3453
2,2,3709
2,2,3964
2,2,4216
2,2,4468
0,2,4577
0,2,4828
0,0,5080
0,0,5336
1,0,5433
1,0,5690
1,0,5946
1,1,6197
1,1,6448
1,1,6704
1,1,6957
0,1,7056
0,1,7313
0,0,7568
0,0,7820
3,0,7872
3,0,8129
3,3,8380
3,3,8632
3,3,8889
3,3,9140
3,3,9392
3,3,9649
3,3,9900
0,3,9976
0,0,10232
0,0,10484
1,0,10712
1,0,10966
1,1,11222
1,1,11472
1,1,11729
1,1,11981
0,1,12048
0,0,12299
0,0,12556
2,0,12787
2,0,13044
2,2,13301
2,2,13555
2,2,13808
2,2,14061
2,2,14316
2,2,14568
2,2,14829
0,2,14892
0,2,15143
0,0,15396
0,0,15648
1,0,15706
1,0,15956
1,1,16208
1,1,16462
1,1,16720
1,1,16972
0,1,17077
0,0,17328
0,0,17579
3,0,17865
3,0,18115
3,3,18372
3,3,18640
3,3,18896
3,3,19148
3,3,19401
3,3,19652
3,3,19904
0,3,19951
0,0,20211
0,0,20468
1,0,20736
1,1,20993
1,1,21248
1,1,21500
1,1,21753
0,1,22012
0,0,22267
0,0,22519
3,0,22721
3,3,22975
3,3,23228
3,3,23485
3,3,23736
3,3,23988
3,3,24245
3,3,24496
3,3,24748
0,3,24775
0,3,25028
0,3,25283
0,3,25540
0,3,25796
0,3,26047
0,3,26299
0,3,26562
0,3,26819
0,3,27071
0,3,27342
0,3,27599
0,3,27851
0,3,28108
0,3,28360
0,3,28610
0,0,28867
0,0,29119
1,0,29200
1,0,29456
1,1,29715
1,1,29968
1,1,30224
1,1,30476
0,1,30607
0,1,30859
0,0,31115
0,0,31372
1,0,31574
1,0,31828
1,1,32091
1,1,32344
1,1,32607
1,1,32861
0,1,32912
0,1,33167
0,0,33419
0,0,33671
3,0,33749
3,0,34000
3,3,34256
3,3,34508
3,3,34764
3,3,35015
3,3,35267
3,3,35519
3,3,35771
0,3,35948
0,0,36199
0,0,36451
1,0,36608
1,1,36862
1,1,37119
1,1,37371
1,1,37625
0,1,37863
0,1,38115
0,0,38366
0,0,38623
2,0,38671
2,0,38927
2,2,39180
2,2,39436
2,2,39691
2,2,39943
2,2,40200
2,2,40451
2,2,40703
0,2,40799
0,0,41051
0,0,41303
1,0,41468
1,1,41719
1,1,41976
1,1,42228
1,1,42486
0,1,42699
0,1,42951
0,0,43203
0,0,43454
3,0,43563
3,0,43816
3,3,44068
3,3,44319
3,3,44571
3,3,44828
3,3,45083
3,3,45334
3,3,45587
0,3,45743
0,0,45998
0,0,46254
1,0,46485
1,0,46744
1,1,46999
1,1,47253
1,1,47507
0,1,47787
0,1,48043
0,0,48294
0,0,48551
1,0,48660
1,1,48912
1,1,49167
1,1,49420
1,1,49675
0,1,49902
0,1,50159
0,0,50415
0,0,50670
1,0,296
1,0,547
1,0,800
1,0,1056
1,1,1311
1,1,1564
1,1,1816
1,1,2067
0,1,2403
0,0,2659
0,0,2915
0,1,3171
0,1,3428
0,1,3679
0,1,3935
0,1,4191
0,1,4443
0,1,4699
1,0,525
1,0,781
1,0,1034
1,0,1290
1,0,1546
1,0,1803
1,0,2055
1,0,2310
1,0,2565
1,0,2821
1,0,3074
1,0,3327
1,0,3587
1,0,3841
1,0,4094
1,0,4351
1,0,4602
1,0,4854
1,0,5107
0,0,5279
0,0,5533
2,0,5817
2,0,6074
2,0,6330
2,0,6587
2,0,6838
2,0,7093
2,0,7345
2,0,7597
2,0,7851
2,0,8102
2,0,8357
1,0,423
1,0,674
1,0,926
1,0,1177
1,0,1433
1,0,1689
1,0,1942
1,0,2193
1,0,2445
1,0,2698
1,0,2953
1,0,3235
1,0,3487
1,0,3744
1,0,3997
1,0,4273
1,0,4529
1,0,4780
1,0,5038
0,0,5135
1,0,518
1,1,593
1,1,851
1,1,1108
0,1,1322
0,1,1574
0,1,1842
0,1,2099
0,0,2350
0,0,2603
2,0,2695
2,0,2950
2,0,3206
2,0,3460
2,0,3715
2,0,3967
2,0,4221
2,0,4478
2,0,4731
2,0,4987
2,0,5238
2,0,5491
2,2,5742
2,2,5995
2,2,6251
2,2,6506
2,2,6759
2,2,7015
2,2,7270
0,2,7535
0,2,7790
0,0,8042
0,0,8294
1,0,8395
1,0,8648
1,0,8899
1,0,9151
1,0,9408
1,0,9659
1,0,468
1,0,721
1,1,977
1,1,1230
1,1,1486
1,1,1752
1,1,2005
1,1,2257
1,1,2513
1,1,2766
1,1,3027
1,1,3281
1,1,3537
1,1,3790
0,1,3960
0,1,4212
0,1,4469
0,0,4725
0,0,4976
0,0,5232
0,0,5490
0,0,5744
0,0,5996
0,0,6253
0,0,6509
0,0,6761
0,0,7013
0,0,7264
0,0,7516
0,0,7769
0,0,8024
0,0,8280
0,0,8533
0,0,8784
2,0,8993
2,0,9245
2,0,9501
2,0,9753
2,0,10004
2,0,10257
2,0,10509
2,0,10764
1,0,566
1,1,825
1,1,1076
1,1,1327
1,1,1585
1,1,1837
1,1,2087
1,1,2339
1,1,2595
1,1,2847
1,1,3100
1,1,3352
0,1,3635
0,1,3887
0,0,4143
0,0,4396
0,0,4646
0,0,4899
0,0,5151
0,0,5402
0,0,5657
0,0,5914
0,0,6167
0,0,6423
0,0,23367
0,0,23618
0,0,23874
1,0,474
1,0,740
1,0,554
1,1,810
1,1,1061
1,1,1311
1,1,1578
1,1,1831
1,1,2084
1,1,2336
1,1,2592
1,1,2844
1,1,3102
1,1,3355
1,1,3612
0,1,3679
0,1,3932
0,0,4187
0,0,4439
0,0,4697
0,0,4951
0,0,5203
0,0,5459
0,0,5711
0,0,5963
0,0,6215
0,0,6470
0,0,6723
0,0,6976
0,0,7235
0,0,7487
0,0,7743
0,0,7995
0,0,8247
0,0,8499
2,0,8707
2,0,8964
2,0,9221
2,0,9475
2,0,9728
2,0,9980
2,0,10231
2,0,10490
2,0,10741
2,0,10995
2,0,11248
1,0,548
1,0,805
1,0,1067
1,0,1325
1,0,1580
1,0,1832
1,0,2085
1,0,2340
1,0,2596
1,0,2854
1,0,497
1,0,749
1,0,1004
1,1,1260
1,1,1513
1,1,1769
1,1,2021
1,1,2277
1,1,2532
1,1,2788
1,1,3045
1,1,3302
1,1,3556
1,1,3812
1,1,4066
1,0,478
1,0,733
1,0,988
1,1,1240
1,1,1501
1,1,1751
1,1,2004
1,1,2257
1,1,2515
1,1,2768
1,1,3024
1,1,3280
1,1,3531
1,1,3785
1,1,4040
0,1,4111
0,1,4364
0,0,4615
0,0,4867
0,0,5119
0,0,5379
0,0,5631
0,0,5888
0,0,6143
0,0,6395
0,0,6648
0,0,6899
0,0,7150
0,0,7404
0,0,7659
0,0,7911
0,0,8163
0,0,8419
0,0,8672
0,0,8924
0,0,9178
0,0,9430
2,0,9471
2,0,9724
2,0,9975
2,0,10228
2,0,10484
2,0,10735
2,0,10996
1,0,511
1,0,768
1,1,1019
1,1,1275
1,1,1526
1,1,1780
1,1,2031
1,1,2282
1,1,2544
1,1,2800
1,1,3055
1,1,3306
1,1,3560
1,1,3816
0,1,4062
0,1,4314
0,0,4570
0,0,4834
0,0,5090
0,0,5342
0,0,5595
0,0,5846
0,0,6098
0,0,6350
0,0,6606
0,0,6862
0,0,7118
0,0,7371
0,0,7622
0,0,7874
0,0,8130
0,0,8386
0,0,8638
0,0,8894
0,0,9154
2,0,9403
2,0,9655
2,0,9910
2,0,10163
2,2,10418
2,2,10670
2,2,10932
2,2,11183
2,2,11434
2,2,11686
2,2,11941
2,2,12195
2,2,12467
2,2,12723
2,2,12978
2,2,13235
2,2,13490
2,2,13742
2,2,13995
2,2,14246
2,2,14498
2,2,14755
0,2,14870
0,2,15121
0,0,15374
0,0,15630
0,0,15881
0,0,16133
0,0,16390
0,0,16645
0,0,16901
0,0,17153
0,0,17409
0,0,17661
0,0,17936
0,0,18194
0,0,18446
0,0,18698
0,0,18954
0,0,19209
0,0,19465
0,0,19722
0,0,19978
0,0,20235
1,0,20398
1,0,20655
1,0,20906
1,1,21160
1,1,21414
1,1,21666
1,1,21918
1,1,22170
1,1,22422
1,1,22674
1,1,22925
1,1,23183
1,1,23435
1,1,23686
1,1,23939
0,1,24014
0,1,24269
0,1,24526
0,0,24779
0,0,25029
0,0,25282
0,0,25546
0,0,25802
0,0,26057
0,0,26309
0,0,26565
0,0,26821
0,0,27090
0,0,27345
0,0,27602
0,0,27857
0,0,28113
0,0,28365
0,0,28625
0,0,28878
0,0,29133
0,0,29385
3,0,29601
3,0,29854
3,0,30106
3,3,30363
3,3,30615
3,3,30873
3,3,31125
3,3,31382
3,3,31637
3,3,31890
3,3,32147
3,3,32398
3,3,32649
3,3,32906
3,3,33157
3,3,33409
3,3,33663
3,3,33914
3,3,34166
3,3,34426
0,3,34641
0,3,34894
0,0,35148
0,0,35405
0,0,35658
0,0,35910
0,0,36165
0,0,36417
0,0,36674
0,0,36930
0,0,37185
0,0,37437
0,0,37690
0,0,37941
0,0,38193
0,0,38446
0,0,38697
0,0,38952
0,0,39210
0,0,39478
0,0,39733
0,0,39985
1,0,40018
1,0,40275
1,1,40533
1,1,40802
1,1,41059
1,1,41313
1,1,41565
1,1,41823
1,1,42078
1,1,42334
1,1,42586
1,1,42842
1,1,43093
1,1,43347
0,1,43501
0,1,43756
0,0,44008
0,0,44261
0,0,44518
0,0,44768
0,0,45024
0,0,45277
0,0,45537
0,0,45789
0,0,46045
0,0,46309
0,0,46561
0,0,46818
0,0,47081
0,0,47337
0,0,47588
0,0,47849
0,0,48100
0,0,48352
0,0,48621
0,0,48872
2,0,48957
2,0,49209
2,2,49461
2,2,49713
2,2,49964
2,2,50221
2,2,50473
2,2,50725
2,2,50978
2,2,51237
2,2,51489
2,2,51745
2,2,52001
2,2,52256
2,2,52513
2,2,52769
2,2,53021
2,2,53281
2,2,53533
2,2,53785
0,2,53929
0,2,54180
0,0,54437
0,0,54689
0,0,54940
0,0,55196
0,0,55454
0,0,55708
0,0,55968
0,0,56221
0,0,56472
0,0,56728
0,0,56985
0,0,57236
0,0,57488
0,0,57745
0,0,58000
0,0,58252
0,0,58505
0,0,58756
0,0,59013
0,0,59267
1,0,59406
1,0,59661
1,1,59919
1,1,60173
1,1,60429
1,1,60685
1,1,60938
1,1,61197
1,1,61448
1,1,61702
1,1,61961
1,1,62212
1,1,62466
1,1,62717
0,1,62872
0,1,63128
0,0,63382
0,0,63636
0,0,63892
0,0,64144
0,0,64400
0,0,64651
0,0,64909
0,0,65160
0,0,65417
0,0,65668
0,0,65921
0,0,66189
0,0,66440
0,0,66697
0,0,66947
0,0,67204
0,0,67461
0,0,67713
0,0,67967
0,0,68220
3,0,68420
3,0,68672
3,0,68929
3,3,69180
3,3,69432
3,3,69684
3,3,69937
3,3,70188
3,3,70445
3,3,70701
3,3,70956
3,3,71208
3,3,71464
3,3,71717
3,3,71969
3,3,72223
3,3,72476
3,3,72740
3,3,72996
3,3,73248
0,3,73504
0,3,73755
0,0,74011
0,0,74264
0,0,74523
0,0,74776
0,0,75028
0,0,75283
0,0,75536
0,0,75788
0,0,76040
0,0,76292
0,0,76544
0,0,76800
0,0,77051
0,0,77315
0,0,77572
0,0,77823
0,0,78088
0,0,78344
0,0,78599
0,0,78851
1,0,78928
1,0,79185
1,0,79436
1,1,79693
1,1,79952
1,1,80203
1,1,80456
1,1,80712
1,1,80964
1,1,81217
1,1,81473
1,1,81723
1,1,81981
1,1,82237
0,1,82515
0,1,82768
0,0,83019
0,0,83272
0,0,83525
0,0,83784
0,0,84040
0,0,84291
0,0,84543
0,0,84795
0,0,85051
0,0,85303
0,0,85560
0,0,85815
0,0,86067
0,0,86323
0,0,86579
0,0,86835
0,0,87091
0,0,87356
0,0,87607
3,0,87851
3,0,88107
3,3,88360
3,3,88611
3,3,88864
3,3,89116
3,3,89367
3,3,89620
3,3,89872
3,3,90127
3,3,90379
3,3,90632
3,3,90884
3,3,91135
3,3,91392
3,3,91643
3,3,91895
3,3,92148
3,3,92400
0,3,92670
0,3,92922
0,3,93174
0,0,93431
0,0,93700
0,0,93951
0,0,94203
0,0,94460
0,0,94715
0,0,94967
0,0,95223
0,0,95475
0,0,95727
0,0,95979
0,0,96234
0,0,96487
0,0,96739
0,0,96991
0,0,97243
0,0,97499
0,0,97754
0,0,98015
1,0,98215
1,0,98468
1,0,98723
1,0,98976
1,1,99237
1,1,99495
1,1,99747
1,1,100001
1,1,100256
1,1,100511
1,1,100763
1,1,101016
1,1,101271
1,1,101523
1,1,101777
0,1,102046
0,1,102299
0,1,102551
0,1,102807
0,1,103058
0,1,103315
0,1,103571
0,1,103822
0,1,104075
0,0,104337
0,0,104590
0,0,104842
0,0,105095
0,0,105351
0,0,105610
0,0,105862
0,0,106115
0,0,106366
0,0,106618
0,0,106875
0,0,107130
0,0,107386
0,0,107639
0,0,107894
0,0,108150
0,0,108403
0,0,108658
1,0,236
1,0,486
1,0,744
1,1,1000
1,1,1254
1,1,1508
1,1,1760
1,1,2013
1,1,2268
1,1,2524
1,1,2777
1,1,3032
1,1,3285
1,1,3545
0,1,3847
0,1,4103
0,1,4360
0,0,4611
0,0,4863
0,0,5120
0,0,5371
0,0,5623
0,0,5880
0,0,6135
0,0,6391
0,0,6644
0,0,6895
0,0,7147
0,0,7404
0,0,7656
0,0,7911
0,0,8163
0,0,8420
0,0,8672
0,0,8923
0,0,9180
2,0,9446
2,0,9704
2,2,9956
2,2,10208
2,2,10463
2,2,10715
2,2,10972
2,2,11224
2,2,11476
2,2,11732
2,2,11984
2,2,12235
2,2,12496
2,2,12748
2,2,13009
2,2,13264
2,2,13515
2,2,13768
2,2,14020
2,2,14271
0,2,14387
0,2,14644
0,2,14900
0,0,15155
0,0,15407
0,0,15660
0,0,15911
0,0,16163
0,0,16420
0,0,16671
0,0,16924
0,0,17184
0,0,17435
0,0,17687
0,0,17943
0,0,18199
0,0,18451
0,0,18704
0,0,18959
0,0,19211
0,0,19463
0,0,19716
1,0,19975
1,0,20231
1,0,20496
1,1,20751
1,1,21005
1,1,21256
1,1,21513
1,1,21771
1,1,22028
1,1,22284
1,1,22535
1,1,22789
1,1,23046
1,1,23303
1,1,23555
0,1,23731
0,1,23988
0,0,24243
0,0,24495
0,0,24750
0,0,25003
0,0,25254
0,0,25511
0,0,25763
0,0,26018
0,0,26270
0,0,26527
0,0,26778
0,0,27034
0,0,27287
0,0,27543
0,0,27798
0,0,28054
0,0,28306
0,0,28558
0,0,28815
0,0,29070
3,0,29203
3,0,29454
3,3,29712
3,3,29967
3,3,30218
3,3,30476
3,3,30732
3,3,30983
3,3,31238
3,3,31496
3,3,31751
3,3,32003
3,3,32257
3,3,32514
3,3,32771
3,3,33024
3,3,33280
3,3,33534
3,3,33792
0,3,34038
0,3,34290
0,0,34543
0,0,34799
0,0,35050
0,0,35312
0,0,35567
0,0,35819
0,0,36070
0,0,36323
0,0,36579
0,0,36830
0,0,37082
0,0,37339
0,0,37590
0,0,37846
0,0,38104
0,0,38362
0,0,38614
0,0,38871
0,0,39126
0,0,39379
1,0,39528
1,0,39785
1,0,40043
1,1,40299
1,1,40552
1,1,40803
1,1,41054
1,1,41323
1,1,41580
1,1,41835
1,1,42087
1,1,42343
1,1,42594
1,1,42848
1,1,43101
0,1,43263
0,1,43514
0,0,43767
0,0,44028
0,0,44279
0,0,44529
0,0,44782
0,0,45038
0,0,45295
0,0,45546
0,0,45798
0,0,46050
0,0,46303
0,0,46558
0,0,46810
0,0,47063
0,0,47319
0,0,47574
0,0,47826
0,0,48078
0,0,48333
0,0,48586
2,0,48747
2,0,48999
2,0,49254
2,2,49510
2,2,49767
2,2,50023
2,2,50274
2,2,50532
2,2,50790
2,2,51042
2,2,51295
2,2,51547
2,2,51798
2,2,52051
2,2,52306
2,2,52558
2,2,52811
2,2,53067
2,2,53318
2,2,53574
0,2,53838
0,2,54094
0,0,54346
0,0,54598
0,0,54854
0,0,55106
0,0,55363
0,0,55617
0,0,55870
0,0,56123
0,0,56373
0,0,56630
0,0,56882
0,0,57138
0,0,57389
0,0,57645
0,0,57902
0,0,58153
0,0,58409
0,0,58667
0,0,58921
0,0,59173
1,0,59246
1,0,59504
1,0,59754
1,1,60006
1,1,60260
1,1,60515
1,1,60766
1,1,61020
1,1,61278
1,1,61534
1,1,61787
1,1,62039
1,1,62290
1,1,62546
0,1,62832
0,1,63085
0,0,63341
0,0,63598
0,0,63850
0,0,64104
0,0,64361
0,0,64618
0,0,64874
0,0,65125
0,0,65382
0,0,65634
0,0,65886
0,0,66142
0,0,66398
0,0,66653
0,0,66906
0,0,67158
0,0,67410
0,0,67661
0,0,67913
0,0,68166
3,0,68271
3,0,68522
3,3,68773
3,3,69027
3,3,69278
3,3,69529
3,3,69781
3,3,70037
3,3,70293
3,3,70547
3,3,70798
3,3,71053
3,3,71305
3,3,71561
3,3,71813
3,3,72067
3,3,72325
3,3,72582
3,3,72835
0,3,73069
0,3,73321
0,3,73577
0,3,73833
0,0,74085
0,0,74338
0,0,74593
0,0,74844
0,0,75098
0,0,75352
0,0,75605
0,0,75862
0,0,76113
0,0,76365
0,0,76618
0,0,76869
0,0,77126
0,0,77382
0,0,77633
0,0,77889
0,0,78145
0,0,78397
0,0,78653
0,0,78904
1,0,78962
1,0,79224
1,1,79477
1,1,79729
1,1,79988
1,1,80246
1,1,80497
1,1,80755
1,1,81010
1,1,81261
1,1,81513
1,1,81769
1,1,82022
1,1,82275
0,1,82473
0,1,82725
0,1,82981
0,0,83233
0,0,83486
0,0,83736
0,0,83988
0,0,84245
0,0,84501
0,0,84753
0,0,85005
0,0,85262
0,0,85516
0,0,85769
0,0,86021
0,0,86273
0,0,86528
0,0,86780
0,0,87033
0,0,87288
0,0,87540
0,0,87793
0,0,88049
3,0,88102
3,0,88356
3,3,88609
3,3,88868
3,3,89145
3,3,89401
3,3,89652
3,3,89905
3,3,90157
3,3,90413
3,3,90666
3,3,90921
3,3,91176
3,3,91433
3,3,91685
3,3,91936
3,3,92190
3,3,92441
3,3,92692
0,3,92905
0,3,93160
0,0,93416
0,0,93673
0,0,93925
0,0,94180
0,0,94433
0,0,94685
0,0,94936
0,0,95189
0,0,95441
0,0,95692
0,0,95944
0,0,96201
0,0,96456
0,0,96709
0,0,96961
0,0,97216
0,0,97468
0,0,97725
0,0,97985
0,0,98235
1,0,98334
1,0,98586
1,1,98845
1,1,99097
1,1,99349
1,1,99600
1,1,99854
1,1,100110
1,1,100365
1,1,100616
1,1,100869
1,1,101126
1,1,101380
0,1,101648
0,1,101905
0,0,102155
0,0,102412
0,0,102669
0,0,102924
0,0,103176
0,0,103433
0,0,103684
0,0,103936
0,0,104189
0,0,104440
0,0,104691
0,0,104945
0,0,105197
0,0,105448
0,0,105700
0,0,105952
0,0,106204
0,0,106460
0,0,106716
0,0,106968
1,0,107085
1,0,107340
1,1,107602
1,1,107864
1,1,108116
1,1,108368
1,1,108620
1,1,108872
1,1,109126
1,1,109377
1,1,109628
1,1,109880
1,1,110134
1,1,110388
0,1,110428
0,1,110680
0,0,110937
0,0,111192
0,0,111444
0,0,111696
0,0,111952
0,0,112204
0,0,112455
0,0,112712
0,0,112963
0,0,113215
0,0,113472
0,0,113724
0,0,113975
0,0,114233
0,0,114484
0,0,114736
0,0,114992
0,0,115244
0,0,115499
0,0,115751
3,0,115784
3,0,116045
3,0,116295
3,3,116548
3,3,116804
3,3,117056
3,3,117310
3,3,117561
3,3,117815
3,3,118068
3,3,118324
3,3,118576
3,3,118829
3,3,119085
3,3,119340
3,3,119592
3,3,119844
3,3,120113
3,3,120368
3,3,120621
0,3,120875
0,3,121127
0,0,121383
0,0,121635
0,0,121891
0,0,122144
0,0,122395
0,0,122647
0,0,122904
0,0,123159
0,0,123415
0,0,123668
0,0,123919
0,0,124171
0,0,124424
0,0,124675
0,0,124928
0,0,125180
0,0,125435
0,0,125707
0,0,125960
0,0,126215
1,0,126268
1,0,126524
1,1,126786
1,1,127037
1,1,127288
1,1,127539
1,1,127797
1,1,128055
1,1,128311
1,1,128565
1,1,128817
1,1,129071
1,1,129328
0,1,129603
0,1,129859
0,0,130111
0,0,130368
0,0,130623
0,0,130874
0,0,131127
0,0,131379
0,0,131631
0,0,131883
0,0,132142
0,0,132394
0,0,132647
0,0,132904
0,0,133155
0,0,133411
0,0,133667
0,0,133919
0,0,134170
0,0,134425
0,0,134676
0,0,134931
2,0,134994
2,0,135248
2,2,135504
2,2,135759
2,2,136014
2,2,136268
2,2,136523
2,2,136775
2,2,137037
2,2,137288
2,2,137543
2,2,137796
2,2,138047
2,2,138299
2,2,138551
2,2,138803
2,2,139055
2,2,139307
2,2,139559
2,2,139810
0,2,140008
0,2,140259
0,0,140515
0,0,140770
0,0,141030
0,0,141283
0,0,141534
0,0,141799
0,0,142050
0,0,142303
0,0,142555
0,0,142811
0,0,143066
0,0,143320
0,0,143578
0,0,143830
0,0,144087
0,0,144339
0,0,144590
0,0,144842
0,0,145099
1,0,145327
1,1,145583
1,1,145838
1,1,146094
1,1,146351
1,1,146605
1,1,146863
1,1,147115
1,1,147372
1,1,147624
1,1,147879
1,1,148131
1,1,148387
0,1,148546
0,1,148798
0,0,149048
0,0,149306
0,0,149558
0,0,149814
0,0,150067
0,0,150323
0,0,150574
0,0,150843
0,0,151094
0,0,151346
0,0,151599
0,0,151855
0,0,152110
0,0,152364
0,0,152622
0,0,152878
0,0,153131
0,0,153387
0,0,153642
3,0,153882
3,0,154139
3,0,154390
3,3,154642
3,3,154899
3,3,155150
3,3,155403
3,3,155655
3,3,155910
3,3,156162
3,3,156415
3,3,156666
3,3,156922
3,3,157175
3,3,157430
3,3,157682
3,3,157944
3,3,158202
3,3,158454
3,3,158707
0,3,158942
0,3,159193
0,0,159445
0,0,159703
0,0,159976
0,0,160234
0,0,160487
0,0,160742
0,0,160993
0,0,161250
0,0,161506
0,0,161758
0,0,162010
0,0,162262
0,0,162513
0,0,162770
0,0,163026
0,0,163282
0,0,163534
0,0,163786
0,0,164037
1,0,164329
1,1,164582
1,1,164838
1,1,165088
1,1,165346
1,1,165598
1,1,165854
1,1,166107
1,1,166363
1,1,166619
1,1,166875
1,1,167127
1,1,167382
0,1,167498
0,0,167758
0,0,168009
0,0,168262
0,0,168517
0,0,168773
0,0,169026
0,0,169278
0,0,169529
0,0,169782
0,0,170038
0,0,170289
0,0,170542
0,0,170794
0,0,171046
0,0,171323
0,0,171578
0,0,171833
0,0,172089
0,0,172341
0,0,172593
1,0,172786
1,1,173041
1,1,173298
1,1,173550
1,1,173803
1,1,174058
1,1,174315
1,1,174568
1,1,174822
1,1,175075
1,1,175330
1,1,175582
1,1,175834
0,1,176038
0,1,176291
0,0,176545
0,0,176798
0,0,177049
0,0,177302
0,0,177554
0,0,177806
0,0,178057
0,0,178310
0,0,178562
0,0,178814
0,0,179065
0,0,179317
0,0,179569
0,0,179823
0,0,180078
0,0,180329
0,0,180582
0,0,180856
0,0,181110
0,0,181361
1,0,247
1,0,502
1,1,759
1,1,1012
1,1,1275
1,1,1531
1,1,1782
1,1,2035
1,1,2292
1,1,2543
1,1,2794
1,1,3048
1,1,3302
0,1,3602
0,1,3855
0,0,4110
0,0,4365
0,0,4618
0,0,4874
0,0,5126
0,0,5383
0,0,5638
0,0,5890
0,0,6146
0,0,6402
0,0,6654
0,0,6906
0,0,7161
0,0,7414
0,0,7670
0,0,7922
0,0,8174
0,0,8426
0,0,8677
2,0,8902
2,2,9155
2,2,9406
2,2,9663
2,2,9919
2,2,10175
2,2,10426
2,2,10695
2,2,10946
2,2,11200
2,2,11451
2,2,11702
2,2,11954
2,2,12210
2,2,12462
2,2,12714
2,2,12971
2,2,13222
2,2,13474
0,2,13598
0,2,13849
0,0,14101
0,0,14367
0,0,14622
0,0,14877
0,0,15129
0,0,15390
0,0,15645
0,0,15897
0,0,16150
0,0,16405
0,0,16657
0,0,16909
0,0,17162
0,0,17418
0,0,17674
0,0,17926
0,0,18178
0,0,18433
0,0,18690
1,0,18911
1,1,19167
1,1,19418
1,1,19671
1,1,19923
1,1,20174
1,1,20432
1,1,20686
1,1,20941
1,1,21195
1,1,21447
1,1,21702
1,1,21959
0,1,22194
0,1,22445
0,0,22697
0,0,22954
0,0,23210
0,0,23465
0,0,23721
0,0,23973
0,0,24226
0,0,24478
0,0,24734
0,0,24985
0,0,25241
0,0,25494
0,0,25750
0,0,26005
0,0,26261
0,0,26518
0,0,26773
0,0,27025
0,0,27277
3,0,27562
3,0,27813
3,3,28070
3,3,28322
3,3,28574
3,3,28830
3,3,29086
3,3,29338
3,3,29589
3,3,29846
3,3,30101
3,3,30358
3,3,30615
3,3,30869
3,3,31121
3,3,31375
3,3,31625
3,3,31877
3,3,32135
3,3,32393
0,3,32513
0,3,32765
0,0,33025
0,0,33277
0,0,33529
0,0,33785
0,0,34041
0,0,34293
0,0,34544
0,0,34801
0,0,35057
0,0,35313
0,0,35569
0,0,35821
0,0,36076
0,0,36329
0,0,36580
0,0,36833
0,0,37090
0,0,37341
0,0,37592
1,0,37818
1,1,38080
1,1,38337
1,1,38591
1,1,38846
1,1,39097
1,1,39354
1,1,39609
1,1,39866
1,1,40119
1,1,40370
1,1,40621
1,1,40874
0,1,41093
0,1,41345
0,0,41597
0,0,41848
0,0,42101
0,0,42352
0,0,42604
0,0,42860
0,0,43117
0,0,43369
0,0,43620
0,0,43876
0,0,44129
0,0,44384
0,0,44636
0,0,44890
0,0,45140
0,0,45393
0,0,45649
0,0,45904
0,0,46156
2,0,46410
2,2,46665
2,2,46920
2,2,47174
2,2,47425
2,2,47676
2,2,47927
2,2,48184
2,2,48437
2,2,48694
2,2,48944
2,2,49197
2,2,49453
2,2,49709
2,2,49964
2,2,50221
2,2,50473
2,2,50725
2,2,50978
0,2,51140
0,0,51401
0,0,51652
0,0,51904
0,0,52160
0,0,52412
0,0,52664
0,0,52916
0,0,53174
0,0,53429
0,0,53680
0,0,53932
0,0,54189
0,0,54440
0,0,54692
0,0,54946
0,0,55200
0,0,55452
0,0,55705
0,0,55955
0,0,56208
1,0,56430
1,0,56681
1,0,56937
1,0,57191
1,0,57445
1,0,57784
1,0,58037
1,0,58290
1,0,58542
1,0,58799
1,0,59056
1,0,59309
1,0,59566
1,0,59822
1,0,60076
1,0,60329
1,0,60592
1,0,60844
1,0,61101
1,0,61354
1,0,61605
1,0,61861
1,0,62117
1,0,62373
1,0,62632
1,0,62885
1,0,63172
1,0,63425
1,0,63689
1,0,63946
1,1,64200
1,1,64453
1,1,64706
1,1,64961
1,1,65216
1,1,65473
1,1,65729
1,1,65980
1,1,66233
1,1,66486
1,1,66737
1,1,66992
0,1,67075
0,1,67327
0,1,67584
0,0,67836
0,0,68092
0,0,68344
0,0,68595
0,0,68848
0,0,69103
0,0,69355
0,0,69613
0,0,69867
0,0,70123
0,0,70376
0,0,70632
0,0,70887
0,0,71144
0,0,71396
0,0,71648
0,0,71900
0,0,72152
0,0,72404
3,0,72653
3,0,72909
3,3,73160
3,3,73431
3,3,73684
3,3,73940
3,3,74192
3,3,74443
3,3,74700
3,3,74955
3,3,75208
3,3,75460
3,3,75712
3,3,75964
3,3,76216
3,3,76468
3,3,76720
3,3,76973
3,3,77228
0,3,77479
0,3,77736
0,0,77988
0,0,78239
0,0,78496
0,0,78747
0,0,78999
0,0,79256
0,0,79508
0,0,79763
0,0,80015
0,0,80271
0,0,80523
0,0,80775
0,0,81028
0,0,81283
0,0,81535
0,0,81792
0,0,82047
0,0,82299
0,0,82552
1,0,82820
1,1,83075
1,1,83329
1,1,83585
1,1,83843
1,1,84095
1,1,84350
1,1,84604
1,1,84860
1,1,85117
1,1,85373
1,1,85624
1,0,85879
1,0,86133
1,1,86385
0,1,86491
0,1,86742
0,0,86999
0,0,87255
0,0,87511
0,0,87763
0,0,88019
0,0,88271
0,0,88532
0,0,88787
0,0,89039
0,0,89292
0,0,89548
0,0,89802
0,0,90054
0,0,90312
0,0,90566
0,0,90823
0,0,91075
0,0,91331
0,0,91583
3,0,91827
3,0,92080
3,3,92335
3,3,92587
3,3,92844
3,3,93095
3,3,93347
3,3,93600
3,3,93855
3,3,94111
3,3,94363
3,3,94620
3,3,94875
3,3,95126
3,3,95385
3,3,95639
3,3,95895
3,3,96152
3,3,96408
0,3,96635
0,3,96887
0,0,97143
0,0,97399
0,0,97651
0,0,97907
0,0,98162
0,0,98414
0,0,98672
0,0,98922
0,0,99178
0,0,99435
0,0,99691
0,0,99942
0,0,100195
0,0,100450
0,0,100703
0,0,100955
0,0,101207
0,0,101458
0,0,101715
1,0,101951
1,0,102208
1,1,102473
1,1,102727
1,1,102979
1,1,103237
1,1,103492
1,1,103743
1,1,103997
1,1,104251
1,1,104507
1,1,104768
1,1,105023
1,1,105275
0,1,105408
0,1,105658
0,0,105914
0,0,106170
0,0,106428
0,0,106679
0,0,106931
0,0,107183
0,0,107438
0,0,107691
0,0,107943
0,0,108199
0,0,108450
0,0,108702
0,0,108954
0,0,109210
0,0,109463
0,0,109715
0,0,109966
0,0,110222
0,0,110478
0,0,110734
1,0,110784
1,1,111042
1,1,111305
1,1,111562
1,1,111815
1,1,112071
1,1,112323
1,1,112579
1,1,112831
1,1,113091
1,1,113346
1,1,113598
1,1,113861
0,1,113975
0,1,114231
0,0,114486
0,0,114742
0,0,114994
0,0,115246
0,0,115502
0,0,115758
0,0,116010
0,0,116266
0,0,116518
0,0,116774
0,0,117031
0,0,117286
0,0,117538
0,0,117791
0,0,118042
0,0,118294
0,0,118546
0,0,118802
0,0,119057
3,0,119286
3,3,119543
3,3,119800
3,3,120054
3,3,120306
3,3,120558
3,3,120811
3,3,121062
3,3,121315
3,3,121571
3,3,121822
3,3,122078
3,3,122335
3,3,122586
3,3,122838
3,3,123099
3,3,123350
3,3,123603
3,3,123854
0,3,124050
0,0,124301
0,0,124555
0,0,124810
0,0,125061
0,0,125312
0,0,125563
0,0,125817
0,0,126070
0,0,126326
0,0,126581
0,0,126834
0,0,127086
0,0,127337
0,0,127589
0,0,127846
0,0,128101
0,0,128354
0,0,128606
0,0,128858
0,0,129114
1,0,129286
1,1,129548
1,1,129803
1,1,130058
1,1,130310
1,1,130563
1,1,130818
1,1,131075
1,1,131332
1,1,131586
1,1,131838
1,1,132091
1,1,132350
0,1,132533
0,1,132790
0,0,133041
0,0,133297
0,0,133553
0,0,133810
0,0,134061
0,0,134313
0,0,134570
0,0,134821
0,0,135073
0,0,135326
0,0,135577
0,0,135829
0,0,136081
0,0,136334
0,0,136589
0,0,136845
0,0,137098
0,0,137349
0,0,137601
2,0,137882
2,0,138138
2,2,138389
2,2,138664
2,2,138918
2,2,139174
2,2,139425
2,2,139682
2,2,139937
2,2,140189
2,2,140452
2,2,140705
2,2,140957
2,2,141211
2,2,141470
2,2,141725
2,2,141978
2,2,142229
2,2,142482
2,2,142737
0,2,142849
0,2,143101
0,0,143353
0,0,143605
0,0,143857
0,0,144109
0,0,144365
0,0,144617
0,0,144873
0,0,145125
0,0,145376
0,0,145629
0,0,145885
0,0,146136
0,0,146393
0,0,146646
0,0,146897
0,0,147149
0,0,147406
0,0,147656
0,0,147909
0,0,148161
1,0,148289
1,1,148546
1,1,148801
1,1,149054
1,1,149309
1,1,149565
1,1,149822
1,1,150073
1,1,150330
1,1,150591
1,1,150841
1,1,151098
1,1,151355
0,1,151517
0,1,151773
0,0,152025
0,0,152277
0,0,152533
0,0,152785
0,0,153036
0,0,153289
0,0,153545
0,0,153797
0,0,154049
0,0,154301
0,0,154556
0,0,154809
0,0,155061
0,0,155314
0,0,155574
0,0,155829
0,0,156080
0,0,156332
0,0,156589
3,0,156809
3,3,157066
3,3,157321
3,3,157573
3,3,157825
3,3,158082
3,3,158334
3,3,158585
3,3,158841
3,3,159097
3,3,159349
3,3,159601
3,3,159856
3,3,160109
3,3,160361
3,3,160613
3,3,160869
3,3,161120
3,3,161373
0,3,161533
0,3,161784
0,0,162037
0,0,162288
0,0,162540
0,0,162793
0,0,163044
0,0,163296
0,0,163552
0,0,163805
0,0,164056
0,0,164308
0,0,164561
0,0,164812
0,0,165063
0,0,165317
0,0,165575
0,0,165828
0,0,166080
0,0,166335
0,0,166592
1,0,166829
1,0,167080
1,1,167333
1,1,167584
1,1,167849
1,1,168100
1,1,168354
1,1,168604
1,1,168861
1,1,169113
1,1,169365
1,1,169618
1,1,169869
1,1,170120
0,1,170212
0,0,170474
0,0,170728
0,0,170984
0,0,171240
0,0,171501
0,0,171752
0,0,172004
0,0,172260
0,0,172517
0,0,172773
0,0,173023
0,0,173275
0,0,173532
0,0,173784
0,0,174035
0,0,174293
0,0,174544
0,0,174800
0,0,175052
0,0,175308
1,0,175480
1,0,175736
1,1,175993
1,1,176244
1,1,176497
1,1,176750
1,1,177021
1,1,177276
1,1,177526
1,1,177780
1,1,178036
1,1,178294
1,1,178552
0,1,178803
0,0,179060
0,0,179315
0,0,179579
0,0,179832
0,0,180084
0,0,180336
0,0,180588
0,0,180841
0,0,181095
0,0,181352
0,0,181604
0,0,181855
0,0,182107
0,0,182364
0,0,182616
0,0,182867
0,0,183124
0,0,183376
0,0,183628
0,0,183880
