4,0
1,26
6,28
7,2021
11,12037
3,12061
6,12063
7,14048
10,20868
12,20874
0,20880
6,20882
7,22884
10,27401
3,27408
6,27409
7,29411
4,0
1,29
6,31
7,2022
10,8030
3,8054
6,8056
7,10041
10,15049
12,15054
0,15061
6,15062
7,17064
10,21572
3,21576
6,21577
4,0
1,29
6,31
7,2023
4,0
1,23
6,26
7,2015
4,0
1,24
6,26
7,2050
4,0
1,24
6,26
7,2018
10,8211
3,8235
6,8237
7,10221
4,0
1,24
6,27
7,2053
10,9973
3,9997
6,9998
7,11983
10,16991
12,16995
1,17004
6,17005
0,17012
6,17013
4,0
1,25
6,27
7,2053
10,8065
3,8089
6,8090
7,10076
10,15084
12,15089
0,15097
6,15098
7,17100
4,0
1,25
6,27
7,2021
10,8037
3,8062
6,8064
7,10047
10,15060
12,15066
1,15072
6,15073
0,15080
6,15081
7,17075
7,17088
10,21588
3,21595
6,21597
7,23599
10,28611
13,28612
1,28619
6,28621
7,30620
4,0
1,25
6,27
7,2018
10,8031
3,8055
6,8056
7,10041
10,15054
12,15060
0,15066
6,15068
7,17069
10,21594
3,21601
6,21603
7,23605
10,28617
13,28618
1,28625
6,28627
7,30630
4,0
1,25
6,27
7,2027
10,8036
3,8061
6,8062
7,10047
10,17626
12,17631
1,17635
6,17637
0,17644
6,17645
7,19639
7,19648
10,26567
3,26570
6,26571
7,28575
10,33587
13,33588
1,33595
6,33596
7,35596
11,45611
3,45618
6,45620
7,47622
10,52642
12,52642
1,52651
6,52652
7,54670
4,0
1,25
6,27
4,0
1,25
6,27
7,2066
10,8078
3,8101
6,8103
7,10089
10,15101
12,15107
0,15113
6,15115
7,17117
10,21626
3,21633
6,21634
7,23637
10,28649
13,28650
1,28657
6,28658
7,30660
11,40672
3,40683
6,40684
7,42684
10,47700
12,47700
1,47709
6,47710
7,49713
4,0
1,25
6,27
7,2065
10,8077
3,8101
6,8102
7,10088
10,15099
12,15104
0,15112
6,15113
7,17112
10,21619
3,21623
6,21624
7,23627
10,28639
13,28640
1,28648
6,28650
7,30651
10,36664
3,36671
6,36672
7,38674
10,43687
12,43687
1,43695
6,43697
7,45711
4,0
1,24
6,26
7,2018
10,8402
3,8426
6,8428
7,10412
10,15424
12,15430
0,15437
6,15438
7,17440
10,21952
3,21960
6,21962
7,23963
10,28979
13,28980
1,28988
6,28989
7,30991
10,37008
3,37015
6,37017
7,39019
10,44027
12,44027
1,44036
6,44038
2,44044
6,44045
7,46039
7,46050
10,50551
3,50560
6,50561
7,52562
10,57575
13,57575
1,57584
6,57585
7,59586
10,65599
3,65606
6,65607
7,67610
10,72622
12,72622
1,72631
6,72632
0,72638
6,72640
7,74634
7,74663
10,79146
3,79154
6,79155
7,81158
10,86169
13,86169
1,86178
6,86194
7,88183
10,94199
3,94205
6,94206
7,96205
10,101212
12,101213
2,101221
6,101222
7,103225
10,107742
3,107749
6,107750
7,109752
10,118721
13,118721
1,118729
6,118731
7,120732
10,126741
3,126748
6,126749
7,128748
10,133760
12,133760
1,133769
6,133770
2,133776
6,133778
7,135771
7,135785
10,140280
3,140287
6,140289
7,142291
10,147299
13,147299
1,147308
6,147309
7,149316
10,155328
3,155335
6,155337
7,157339
10,162347
12,162347
1,162356
6,162357
7,164360
10,170375
3,170383
6,170384
7,172386
10,177394
12,177395
2,177403
6,177405
7,179406
10,183919
3,183926
6,183928
7,185929
10,190938
13,190938
1,190947
6,190949
7,192954
10,198966
3,198973
6,199012
7,200982
10,205997
12,206035
0,206043
6,206044
7,208050
10,212561
3,212569
6,212571
7,214572
10,219581
13,219581
1,219590
6,219591
7,221593
10,227605
3,227612
6,227613
7,229613
10,234628
12,234629
2,234637
6,234639
7,236639
10,241148
3,241156
6,241158
7,243164
10,248172
13,248172
1,248181
6,248183
7,250181
10,258184
3,258191
6,258193
7,260200
10,265211
12,265211
1,265220
6,265222
7,267228
10,273239
3,273246
6,273248
7,275251
10,280266
12,280267
1,280276
6,280277
5,280282
5,280290
5,280299
5,280307
5,280314
5,280322
5,280330
5,280338
5,280347
5,280355
5,280362
5,280370
5,280379
5,280386
5,280395
5,280403
5,280410
5,280419
5,280426
5,280434
5,280443
5,280451
5,280459
5,280466
5,280475
5,280482
5,280490
5,280499
5,280507
5,280514
5,280523
5,280531
5,280539
5,280546
5,280549
5,280554
5,280558
5,280567
5,280574
5,280582
5,280590
5,280598
5,280606
5,280614
5,280622
5,280630
5,280639
5,280646
5,280654
5,280663
5,280670
5,280679
5,280686
5,280694
5,280702
5,280710
5,280719
5,280727
5,280734
5,280743
5,280750
5,280759
5,280766
5,280774
5,280782
5,280790
5,280798
5,280806
5,280814
5,280822
5,280830
5,280839
5,280846
5,280855
5,280863
5,280870
5,280879
5,280886
5,280894
5,280903
5,280911
5,280919
5,280927
5,280934
5,280942
5,280950
5,280958
5,280966
5,280974
5,280982
5,280990
5,280998
5,281006
5,281014
5,281022
5,281030
5,281033
5,281038
5,281042
5,281046
5,281050
5,281054
5,281058
5,281061
5,281066
5,281070
5,281073
5,281078
5,281086
5,281095
5,281102
5,281110
5,281119
5,281126
5,281134
5,281143
5,281150
5,281159
5,281167
5,281174
5,281182
5,281190
5,281198
5,281206
5,281214
5,281222
5,281225
5,281229
5,281234
5,281238
5,281246
5,281254
5,281263
5,281270
5,281273
5,281278
5,281286
5,281294
5,281302
5,281310
5,281313
5,281318
5,281322
5,281326
5,281330
5,281334
5,281338
5,281346
5,281349
5,281353
5,281358
5,281366
5,281374
5,281382
5,281390
5,281398
5,281406
5,281414
5,281418
5,281422
5,281426
5,281430
5,281433
5,281438
5,281445
5,281450
5,281453
5,281458
5,281461
5,281466
5,281470
5,281474
5,281478
5,281481
5,281486
5,281489
5,281494
5,281498
5,281506
5,281509
5,281513
5,281518
5,281525
5,281529
5,281534
5,281538
5,281546
5,281554
5,281558
5,281565
5,281570
5,281574
5,281578
5,281586
5,281594
5,281602
5,281610
5,281613
5,281618
5,281626
5,281629
5,281633
5,281638
5,281646
5,281649
5,281653
5,281658
5,281666
5,281674
5,281682
5,281691
5,281698
5,281706
5,281714
5,281722
5,281731
5,281739
5,281746
5,281754
5,281758
5,281762
5,281765
5,281769
5,281773
5,281778
5,281786
5,281789
5,281793
5,281798
5,281806
5,281814
5,281822
5,281825
5,281830
5,281838
5,281846
5,281850
5,281853
5,281858
5,281866
5,281869
5,281874
5,281878
5,281886
5,281894
5,281902
5,281910
5,281919
5,281926
5,281934
5,281938
5,281946
5,281954
5,281962
5,281970
5,281978
5,281986
5,281995
5,282002
5,282010
5,282019
5,282026
5,282034
5,282043
5,282051
5,282058
5,282067
5,282074
5,282082
5,282090
5,282098
5,282106
5,282114
5,282122
5,282129
5,282133
5,282138
5,282146
5,282149
5,282154
5,282158
5,282166
5,282169
5,282174
5,282178
5,282186
5,282194
5,282198
5,282201
5,282205
5,282210
5,282213
5,282218
5,282226
5,282234
5,282243
5,282250
5,282259
5,282266
5,282274
7,282315
5,282323
5,282330
5,282333
5,282338
5,282346
5,282354
5,282358
5,282361
5,282366
5,282369
5,282373
5,282378
5,282387
5,282394
5,282402
5,282410
5,282418
5,282426
5,282430
5,282438
5,282446
5,282449
5,282453
5,282458
5,282466
5,282469
5,282473
5,282478
5,282486
5,282493
5,282498
5,282506
5,282510
5,282513
5,282518
5,282526
5,282530
5,282533
5,282538
5,282541
5,282545
5,282549
5,282554
5,282558
5,282565
5,282569
5,282574
5,282578
5,282586
5,282594
5,282602
5,282610
5,282618
5,282626
5,282634
5,282642
5,282650
5,282653
5,282658
5,282661
5,282666
5,282674
5,282682
5,282690
5,282699
5,282706
5,282714
5,282718
5,282721
5,282726
5,282729
5,282734
5,282738
5,282745
5,282749
5,282753
5,282758
5,282766
5,282769
5,282773
5,282778
5,282785
5,282790
5,282793
5,282798
5,282806
5,282809
5,282813
5,282818
5,282826
5,282829
5,282833
5,282838
5,282846
5,282854
5,282858
5,282865
5,282870
5,282874
5,282882
5,282890
5,282893
5,282898
5,282906
5,282909
5,282913
5,282918
5,282921
5,282925
5,282929
5,282934
5,282938
5,282941
5,282945
5,282949
5,282954
5,282962
5,282970
5,282978
5,282981
5,282990
5,282998
5,283006
5,283010
5,283018
5,283025
5,283029
5,283033
5,283038
5,283045
5,283050
5,283053
5,283058
5,283066
5,283069
5,283074
5,283078
5,283085
5,283090
5,283098
5,283102
5,283105
5,283110
5,283114
5,283122
5,283130
5,283138
5,283146
5,283149
5,283154
5,283158
5,283166
5,283174
5,283182
5,283185
5,283189
5,283193
5,283198
5,283206
5,283213
5,283218
5,283226
5,283234
5,283238
5,283242
5,283245
5,283250
5,283258
5,283266
5,283270
5,283274
5,283278
5,283286
5,283289
5,283293
5,283298
5,283306
5,283314
5,283322
5,283325
5,283330
5,283333
5,283338
5,283346
5,283354
5,283362
5,283370
5,283379
5,283387
5,283394
5,283402
5,283405
5,283409
5,283413
5,283418
5,283426
5,283433
5,283438
5,283446
5,283454
5,283462
5,283470
5,283473
5,283478
5,283485
5,283489
5,283494
5,283498
5,283506
5,283509
5,283514
5,283518
5,283525
5,283529
5,283534
5,283538
5,283546
5,283549
5,283556
5,283562
5,283565
5,283570
5,283578
5,283586
5,283590
5,283598
5,283605
5,283609
5,283613
5,283622
5,283630
5,283633
5,283638
5,283646
5,283653
5,283658
5,283666
5,283673
5,283678
5,283686
5,283693
5,283698
5,283706
5,283714
5,283722
5,283730
5,283733
5,283738
5,283746
5,283753
5,283758
5,283766
5,283774
5,283782
5,283790
5,283793
5,283798
5,283805
5,283809
5,283813
5,283818
5,283826
5,283833
5,283838
5,283846
5,283853
5,283858
5,283861
5,283865
5,283869
5,283873
5,283878
5,283885
5,283889
5,283893
5,283898
5,283905
5,283909
5,283913
5,283918
5,283926
5,283934
5,283942
5,283950
5,283958
5,283966
5,283974
5,283982
5,283985
5,283989
5,283993
5,283998
5,284006
5,284009
5,284018
5,284025
5,284029
5,284033
5,284039
5,284046
5,284054
5,284058
5,284065
5,284070
5,284078
5,284086
5,284089
5,284093
5,284098
5,284106
5,284113
5,284118
5,284126
5,284134
5,284183
5,284190
5,284193
5,284198
5,284201
5,284205
5,284209
5,284213
5,284218
5,284226
5,284233
5,284238
5,284245
5,284249
5,284258
5,284265
5,284270
5,284273
5,284278
5,284282
5,284290
5,284293
5,284298
5,284305
5,284309
5,284313
5,284318
5,284326
5,284334
5,284338
5,284346
5,284349
5,284353
5,284358
5,284365
5,284369
5,284373
5,284377
5,284381
5,284385
5,284389
5,284393
5,284398
5,284401
5,284405
5,284409
5,284413
5,284418
5,284425
5,284430
5,284438
5,284446
5,284454
5,284462
5,284469
5,284474
5,284478
5,284486
5,284489
5,284494
5,284498
5,284506
5,284513
5,284518
5,284525
5,284529
5,284534
5,284537
5,284541
5,284546
5,284549
5,284553
5,284558
5,284566
5,284573
5,284578
5,284586
5,284594
5,284598
5,284606
5,284614
5,284622
5,284630
5,284638
5,284646
5,284654
5,284662
5,284670
5,284678
5,284685
5,284689
5,284693
5,284698
5,284706
5,284714
5,284718
5,284726
5,284729
5,284733
5,284738
5,284746
5,284753
5,284758
5,284765
5,284769
5,284773
5,284778
5,284786
5,284794
5,284797
5,284801
5,284805
5,284809
5,284813
5,284818
5,284826
5,284829
5,284833
5,284838
5,284846
5,284853
5,284858
5,284865
5,284869
5,284874
5,284882
5,284889
5,284893
5,284898
5,284906
5,284909
5,284914
5,284918
5,284926
5,284929
5,284933
5,284938
5,284946
5,284953
5,284958
5,284965
5,284974
5,284982
5,284990
5,284998
5,285005
5,285009
5,285013
5,285018
5,285026
5,285033
5,285038
5,285041
5,285045
5,285049
5,285053
5,285058
5,285061
5,285065
5,285069
5,285073
5,285078
5,285086
5,285089
5,285093
5,285098
5,285106
5,285113
5,285118
5,285121
5,285125
5,285129
5,285133
5,285138
5,285146
5,285154
5,285162
5,285170
5,285173
5,285178
5,285181
5,285186
5,285189
5,285193
5,285198
5,285205
5,285209
5,285213
5,285218
5,285221
5,285225
5,285229
5,285233
5,285238
5,285246
5,285249
5,285253
5,285258
5,285266
5,285274
5,285282
5,285289
5,285294
5,285302
5,285309
5,285313
5,285318
5,285326
5,285329
5,285333
5,285338
5,285345
5,285350
5,285353
5,285358
5,285366
5,285373
5,285378
5,285386
5,285394
5,285402
5,285410
5,285418
5,285426
5,285434
5,285442
5,285450
5,285458
5,285461
5,285465
5,285469
5,285473
5,285477
5,285486
5,285493
5,285498
5,285505
5,285509
5,285514
5,285518
5,285525
5,285529
5,285533
5,285538
5,285545
5,285549
5,285553
5,285558
5,285565
5,285569
5,285573
5,285578
5,285586
5,285594
5,285602
5,285610
5,285618
5,285625
5,285629
5,285634
5,285638
5,285646
5,285654
5,285662
5,285670
5,285678
5,285686
5,285693
5,285698
5,285701
5,285705
5,285714
5,285722
5,285729
5,285733
5,285738
5,285745
5,285749
5,285753
5,285758
5,285766
5,285773
5,285778
5,285786
5,285794
5,285798
5,285806
5,285814
5,285823
5,285830
5,285838
5,285846
5,285849
5,285853
5,285858
5,285866
5,285874
5,285882
5,285890
5,285893
5,285898
5,285905
5,285909
5,285913
5,285918
5,285925
5,285929
5,285933
5,285938
5,285946
5,285949
5,285953
5,285958
5,285965
5,285969
5,285973
5,285977
5,285989
5,285998
5,286047
5,286054
5,286062
5,286069
5,286073
5,286077
5,286081
5,286085
5,286094
4,0
1,26
6,28
7,2023
4,0
1,29
6,32
7,2039
4,0
1,25
6,27
7,2018
4,0
1,26
6,28
7,2026
11,12039
3,12062
6,12064
7,14050
4,0
1,29
6,31
7,2021
10,8029
3,8054
6,8055
7,10040
10,15052
12,15058
0,15065
6,15066
7,17068
10,21585
3,21605
6,21607
7,23596
10,28603
13,28604
1,28612
6,28614
7,30617
4,0
1,25
6,27
7,2020
4,0
1,24
6,27
7,2138
4,0
1,26
6,28
7,2020
4,0
1,25
6,27
7,2410
4,0
1,25
6,27
7,2019
4,0
1,24
6,27
7,2020
4,0
1,24
6,26
7,2017
4,0
1,24
6,26
4,0
1,24
6,26
7,2024
4,0
1,25
6,27
4,0
1,26
6,28
7,2072
4,0
1,25
6,27
7,2021
4,0
1,25
6,27
7,2018
4,0
1,25
6,27
7,2018
4,0
1,24
6,26
4,0
1,26
6,29
7,2021
4,0
1,25
6,27
7,2024
11,12038
3,12063
6,12064
7,14054
10,19065
12,19071
0,19079
6,19080
7,21082
